0.014648141222970423
0.014648141222970423
-0.0024417045642977087
6.10053612000172E-4
4.799804961658116
4.799804961658116
4.559326417365839
4.559326715389099
4.099731636015372
4.099731636015372
3.6096192729019254
3.6096192729019254
2.817382850334984
2.817382850334984
1.5777586791227673
1.5777586791227673
0.05615205242062249
0.05615205242062249
2.7716064776905154
2.7715784635041314
4.813843049269086
4.813843049269086
0.6665036876802073
0.6713566984363435
0.05004853606802673
0.05493134915010334
2.232665983756302
2.232665983756302
1.003417790343498
1.003417790343498
2.60253907472361
2.6014572502919733
0.014648141222970423
0.014648141222970423
-0.0024417045642977087
-0.00243961840148188
4.798813140250819
4.794922148576038
4.559326417365839
4.559326417365839
4.099731636015372
4.099731636015372
3.6096192729019254
3.6096022855761394
2.817382850334984
2.817382850334984
1.5777586791227673
1.5777419898202407
0.05615205242062249
0.05615205242062249
2.7716064776905154
2.7716064776905154
4.813843049269086
4.813843049269086
0.6713865007622839
0.6682107649100739
0.05493134915010334
0.048827832797507575
2.227783170674225
2.232668069919118
0.9912107576383062
1.003417790343498
2.60253907472361
2.60253907472361
2.749635904983986
2.749635904983986
3.2415793230032115
3.241567104049576
3.7670920809617137
3.7670920809617137
4.255983740804641
4.256013841153841
4.467775758239718
4.467775758239718
4.608766985984682
4.608764899821866
4.838869552477545
4.838869552477545
-0.003049970036741456
3.069639571862126E-4
4.989016054751403
4.989016054751403
0.025659206588173777
0.0207203651333292
4.938354782862041
4.9334740559427805
0.16540708129490378
0.16536774222466244
0.08300931251160071
0.08300931251160071
0.05615413858343832
0.05615413858343832
0.028688314996756947
0.028688314996756947
0.035402182984612285
0.03721923079719902
2.74414274026665
2.749635904983986
3.2415793230032115
3.2415402819562296
3.7670920809617137
3.7670920809617137
4.255983740804641
4.255983740804641
4.467775758239718
4.467775758239718
4.608761323542753
4.603875828251342
4.8388674663147295
4.838869552477545
-0.003049970036741456
-0.0030896071302422
4.989016054751403
4.989016054751403
0.025634470657643238
0.025636556820459067
4.938356869024857
4.938356869024857
0.1522845211368229
0.1654020148994939
0.0769057961590045
0.08300931251160071
0.05615413858343832
0.056115395559715786
0.028688314996756947
0.028688314996756947
0.03723323789039101
0.03723323789039101
0.01831203917408475
0.01831203917408475
0.10436565928049779
0.09948970073338748
0.025024119022383662
0.025025907161940086
0.04760921568980425
0.04756957859630351
0.027467611726237795
0.027467611726237795
0.08728207198167715
0.08727998581886132
0.08361996217011969
0.08361996217011969
0.061113245619922374
0.06713838185529486
0.1348874133691087
0.1348874133691087
0.1636523203435325
0.16231628207162396
0.06836117128862984
0.0744646876412256
0.0738522498431502
0.07381738112179992
0.09399593996953248
0.09399593996953248
0.11352719229783936
0.11352510613502353
0.08361996217011969
0.08358092112313775
-0.004881024942520185
-0.004881024942520185
0.01831203917408475
0.01831203917408475
0.10437161974568587
0.10435671858271567
0.025025907161940086
0.025025907161940086
0.04760921568980425
0.04760712952698842
0.027467611726237795
0.027467611726237795
0.08552731103030586
0.08724362698121402
0.08361996217011969
0.08361996217011969
0.06714046801811069
0.0671708663905699
0.1348874133691087
0.1348874133691087
0.1623553231186059
0.16235323695579007
0.0744646876412256
0.07450045043235409
0.0738522498431502
0.0738522498431502
0.09399593996953248
0.09399593996953248
0.11352719229783936
0.11352570218154234
0.08361996217011969
0.08361996217011969
-0.004881024942520185
-0.004883111105336013
1.2176512143196123
1.2176512143196123
3.6597444009476185
3.6504752815336325
4.6459963495727
4.644775646302181
1.6082762608857466
1.608273578676412
1.5686034045938735
1.5686034045938735
3.085327218213942
3.085327218213942
1.1376951501006067
1.1376578971931812
1.5118407025147322
1.5118407025147322
2.8082275758060904
2.808216846968752
4.148559766836138
4.148559766836138
0.7586667846044046
0.7586667846044046
4.665527601901006
4.665491243063359
0.15502901733267516
0.15502901733267516
4.1461183602951
4.1467287119303595
1.4410399128246203
1.4538572971650716
1.5185545705025876
1.5185635112003697
1.2023924234381227
1.2127684012375357
3.6505128324643175
3.6504767716499296
4.644775646302181
4.644775646302181
1.6082762608857466
1.6082762608857466
1.5686034045938735
1.5686040006403923
3.080444405131865
3.085327218213942
1.1376951501006067
1.1376951501006067
1.5118407025147322
1.5118031515840473
2.8082275758060904
2.8082275758060904
4.148559766836138
4.149780470106657
0.7586667846044046
0.752105504525364
4.665527601901006
4.665509124458923
0.15808077550897304
0.15502901733267516
4.1461183602951
4.146082895527231
1.4410399128246203
1.4410399128246203
1.5185545705025876
1.5185545705025876
0.08606136871115799
0.08605958057160157
0.03662288625513144
0.03662080009231561
0.020753743738382457
0.025636556820459067
0.03418147971409313
0.0341424386671112
0.017701985562084577
0.017701985562084577
0.04577607462120925
0.04577607462120925
0.08483857927782301
0.08422822764256344
0.06347835820655323
0.0634762720437374
0.03601253461987186
0.0464648063736921
0.11474789556835852
0.11474580940554269
0.056764490218697894
0.056764490218697894
0.03479183134935271
0.034798089837800195
0.0451678091487655
0.0451678091487655
0.05798310732640122
0.05310029424432461
0.1056268937142959
0.10559232301620503
0.10498197138094545
0.10498018324138902
0.08606136871115799
0.08606136871115799
0.03662288625513144
0.03663689334832343
0.025636556820459067
0.025636556820459067
0.03418147971409313
0.031737987010239
0.017701985562084577
0.026933554045385666
0.04577607462120925
0.04577607462120925
0.08483857927782301
0.08483857927782301
0.06347835820655323
0.06346286099706422
0.03601253461987186
0.03601253461987186
0.11474580940554269
0.10986299632346608
0.05678177556774333
0.056764490218697894
0.03479183134935271
0.03478974518653688
0.0451678091487655
0.0451678091487655
0.057985193489217046
0.057988769768329895
0.10559232301620503
0.10559232301620503
0.10498197138094545
0.10436983160612945
0.017701687538825173
0.026856962067718815
0.0640884118185534
0.06408662367899698
0.10498197138094545
0.10498197138094545
0.10315121449842612
0.10313631333545592
0.1354998511671841
0.1354998511671841
0.15319796242689643
0.14831514934481982
0.11232586053918148
0.11230648902732021
0.09643734651057079
0.09643526034775496
0.14224203136468327
0.14221342113178048
0.00793606137467151
0.007934273235115086
0.07385433600596603
0.07385433600596603
0.05737484185395747
0.05735427824905859
0.08606136871115799
0.08606136871115799
0.11718930210939682
0.12512178720495548
0.09231747297256865
0.08911312688745587
0.10437191776894528
0.10436983160612945
0.017701687538825173
0.017701687538825173
0.0640884118185534
0.06411940623753143
0.10498197138094545
0.10498197138094545
0.1031491283356103
0.1031491283356103
0.13551922267904537
0.1306170380851075
0.15320004858971226
0.15319796242689643
0.11230648902732021
0.11230648902732021
0.09643734651057079
0.09642035918478475
0.14221342113178048
0.14221342113178048
-6.088615189625557E-4
0.007934273235115086
0.07148922341933517
0.06897152292388942
0.05737484185395747
0.05737275569114164
0.08606136871115799
0.08606136871115799
0.1251238733677713
0.12510420383265064
0.09399593996953248
0.09399593996953248
0.10436983160612945
0.09948701852405284
0.11351765555353843
0.11352510613502353
0.10498018324138902
0.10498018324138902
0.08422822764256344
0.08422822764256344
0.0762936563841885
0.07632852510553878
0.10375947997086987
0.10375947997086987
0.10620118453516758
0.10498018324138902
0.11230440286450438
0.12634249047547463
0.0762936563841885
0.0762936563841885
0.04264802249050392
0.040282909903873065
4.977417287518655
4.977417287518655
4.9108889592753595
4.9108889592753595
0.09460420544197623
0.09460837776760789
0.09582490871249538
0.09582490871249538
0.14587374280378151
0.14583857605917183
0.09887666688879326
0.10375947997086987
0.19470187362454805
0.19470187362454805
0.11352510613502353
0.11352510613502353
0.10498018324138902
0.10501654207903632
0.08422822764256344
0.08422822764256344
0.08361787600730386
0.0762936563841885
0.10467500742375924
0.10375947997086987
0.10498048126464843
0.10498018324138902
0.12634249047547463
0.12634249047547463
0.0762936563841885
0.0763085575471587
0.045165722985949674
0.045165722985949674
4.9725344744365785
4.977440831356148
4.9108889592753595
4.9108889592753595
0.09460420544197623
0.09460629160479206
0.09582490871249538
0.09582490871249538
0.14587374280378151
0.14588417361786066
0.10375947997086987
0.10375947997086987
0.2008053899771438
0.19470187362454805
4.9292015944959635
4.931032649401742
4.956667418082645
4.956667418082645
0.0451678091487655
0.0451678091487655
0.12634457663829046
0.126311794079756
0.17456235582379787
0.17456026966098204
0.2716079678068124
0.2716082658300718
0.38574372360035447
0.38574372360035447
0.5719009723545281
0.5719325628200249
0.9283463273461254
0.9332291404282023
1.5582295129572765
1.5582274267944607
2.36206261659415
2.36206261659415
3.5736106125844254
3.581642637448625
0.22033872846826652
0.20874204739833457
2.6000997543453876
2.6049825674274643
0.8379379913732996
0.838014285327707
0.39795075630554644
0.39794896816599
4.931032649401742
4.931032649401742
4.956667418082645
4.956698710524883
0.0451678091487655
0.0451678091487655
0.12634457663829046
0.1263621600105953
0.1696795427417208
0.17456235582379787
0.2716079678068124
0.271606179667256
0.38574372360035447
0.38574372360035447
0.5719009723545281
0.5738434879593239
0.9332291404282023
0.9362808986045001
1.5582295129572765
1.5582295129572765
2.3609945012324456
2.36206261659415
3.5736106125844254
3.5736085264216095
0.22033872846826652
0.22033872846826652
2.6049825674274643
2.604942632310704
0.838014285327707
0.8380145833509665
0.39795075630554644
0.39792900060760994
3.765261026055935
3.765261026055935
3.961183900974262
3.961181814811446
1.988527415815284
1.988527415815284
4.343874376282022
4.343834441165262
3.0444357448143657
3.0444357448143657
2.2521972360846085
2.2521972360846085
1.694335841457348
1.7053221708920205
1.2744160025615696
1.2744139163987538
0.9716815914728154
0.9716815914728154
0.6597919058551676
0.6597528648081856
0.3698748791068649
0.3698748791068649
0.2716082658300718
0.2667254527479952
0.2801254725605813
0.28015110256089004
0.15258761079163685
0.15258761079163685
0.10498018324138902
0.10498018324138902
0.09338350217145708
0.09334595124077216
3.765261026055935
3.765261026055935
3.968508120597377
3.961183900974262
1.988527415815284
1.9888325916329137
4.343874376282022
4.343872290119206
3.0444357448143657
3.0444357448143657
2.2521972360846085
2.252159387130664
1.7053221708920205
1.7053221708920205
1.2744160025615696
1.2744139163987538
0.9716780151937026
0.9667987783907388
0.6597919058551676
0.6597898196923517
0.3698748791068649
0.3698748791068649
0.2716082658300718
0.2715701188528681
0.28015110256089004
0.28015110256089004
0.1586911271442326
0.15258761079163685
0.10498018324138902
0.08972139235989962
0.09338350217145708
0.09338350217145708
0.08422822764256344
0.08422822764256344
0.06652803022003528
0.0664925654521662
4.958496386825608
4.958496386825608
0.10681123814716775
0.10192842506509114
0.20083936462871588
0.1959225768950672
0.1348874133691087
0.1348874133691087
0.08666963418360174
0.08666963418360174
0.04394501971543052
0.04393041657571972
-0.004883111105336013
-0.004883111105336013
0.056762404055882065
0.04943818443276715
0.08422822764256344
0.08537263695867514
0.08422822764256344
0.08422822764256344
0.0799557661957464
0.08483857927782301
0.11657686431132142
0.11659832198599851
0.03784150336283476
0.03784150336283476
0.07690400801944808
0.07690400801944808
0.08424312880553364
0.08422822764256344
0.06652803022003528
0.06652803022003528
4.953613573743532
4.958496386825608
0.10681123814716775
0.10680468163546086
0.2008053899771438
0.2008053899771438
0.1348874133691087
0.13854952318066616
0.08666963418360174
0.07842988710759746
0.03906220663335391
0.04394501971543052
-0.004883111105336013
-0.004883111105336013
0.056762404055882065
0.05674362859053961
0.08422822764256344
0.08422822764256344
0.08423031380537926
0.08423031380537926
0.08485765276642487
0.0799557661957464
0.11657686431132142
0.11657686431132142
0.03784150336283476
0.03784150336283476
0.07690400801944808
0.07690043174033523
0.13244809299088622
0.13244809299088622
0.11352719229783936
0.10742158978242733
0.15258761079163685
0.15830965737219538
0.11291475449976396
0.11291475449976396
0.09399385380671665
0.09399385380671665
0.06408662367899698
0.06406099367868823
0.06714046801811069
0.06714046801811069
0.07751435965470765
0.07751227349189183
0.07324368634744705
0.07324368634744705
0.14587374280378151
0.14587374280378151
0.1324322977581378
0.13244779496762682
0.13244809299088622
0.1324460068280704
0.025025907161940086
0.025025907161940086
4.97925013056399
4.9792569850989565
0.048219269301804424
0.048219269301804424
0.06897152292388942
0.07324398437070645
0.1353472632583692
0.13244809299088622
0.11352719229783936
0.11352719229783936
0.15258761079163685
0.15258761079163685
0.11291475449976396
0.11289717112745912
0.09399385380671665
0.09399385380671665
0.06408662367899698
0.05920381059692037
0.06712914313425333
0.06714046801811069
0.07751644581752348
0.07751644581752348
0.07324368634744705
0.07324368634744705
0.14587582896659734
0.14584900687325097
0.13244779496762682
0.13244779496762682
0.1330584446261458
0.13244809299088622
0.015412868906601318
0.025025907161940086
4.97925013056399
4.97925042858725
0.048219269301804424
0.048219269301804424
0.07324398437070645
0.07324189820789062
3.6706565225906997
3.6706565225906997
2.936403505373419
2.936403505373419
1.9006129384771513
1.9006367803379036
0.7080096850406747
0.7080075988778589
3.8763450236731796
3.8763450236731796
1.3433836511830868
1.3433961681599818
2.6434347204488184
2.6434347204488184
2.2857686621867015
2.283937011234404
2.77954104894889
2.77954104894889
0.48523104014766716
0.4962155814427831
0.9014148594635558
0.9002704501474441
3.7884543881957993
3.7884543881957993
4.332277695212089
4.332277695212089
4.538576547929829
4.538607542348807
0.7385251806408382
0.7385251806408382
4.312136091248523
4.312154568690606
3.665773709508623
3.6706565225906997
2.936403505373419
2.936403505373419
1.9006367803379036
1.9006367803379036
0.7080096850406747
0.7079915056218511
3.8763450236731796
3.8763450236731796
1.3537596289824998
1.3433836511830868
2.6397726106372605
2.6385519073667414
2.2839376072809228
2.2839376072809228
2.77954104894889
2.77954104894889
0.49621736958233953
0.4962280984196781
0.9051532632295207
0.9051511770667049
3.7835715751137227
3.788416539241855
4.3273948821300126
4.332277695212089
4.538576547929829
4.538576547929829
0.7385251806408382
0.7385251806408382
4.312136091248523
4.312125660434444
0.3790280674729427
0.3790280674729427
0.5718991842149717
0.5615232064155586
0.8233640579419206
0.8294675742945163
1.1669920285930668
1.1669941147558827
1.6748045891290413
1.6748045891290413
2.4670410116959824
2.467069323905626
3.452148551004952
3.452148551004952
4.761352808636762
4.76137873666033
1.6302489197550916
1.6302510059179074
4.3188499592363785
4.323721149411338
3.3612061573512744
3.366088970433351
4.741213290836011
4.741211204673196
2.761230499891102
2.761230499891102
2.0190429114154473
2.0148425715974057
4.801025664928635
4.810180939457529
3.3679200253391297
3.3679221115019455
0.38055394656109165
0.3790280674729427
0.5615232064155586
0.5615232064155586
0.8294675742945163
0.8294675742945163
1.1669920285930668
1.1670012673141084
1.6748045891290413
1.6748066752918571
2.462158198613906
2.467028196695828
3.4472657379228755
3.452148551004952
4.761352808636762
4.761352808636762
1.6302489197550916
1.6302489197550916
4.323732772318455
4.319728829828361
3.366088970433351
3.363037212257053
4.741213290836011
4.741213290836011
2.7580261538059894
2.761230499891102
2.0190429114154473
2.019044997578263
4.801025664928635
4.801025664928635
3.3679200253391297
3.367940290920769
0.38635437325887345
0.38635407523561405
4.409792352890056
4.409816790797327
3.339235584644745
3.339235584644745
1.3159199137592212
1.3159199137592212
2.3419210126305834
2.3419210126305834
0.11535824720361809
0.1162991066335568
4.067995437144689
4.06677473387417
0.5059832937697522
0.5059791214441205
4.711916412343552
4.713137115614071
1.3757343740146606
1.3757659644801574
0.9936542503421606
0.9936542503421606
1.3262958915586343
1.3262958915586343
1.22986033318762
1.22986033318762
2.556176788351153
2.5512999357342645
1.6394041942839854
1.6394062804468013
3.612673117241039
3.6126704350317045
0.38147156017679684
0.38635437325887345
4.409792352890056
4.409792054866797
3.339235584644745
3.339235584644745
1.3159199137592212
1.300443863921626
2.3419210126305834
2.348024528983179
0.11535824720361809
0.11538477127370506
4.0631126240626125
4.067995437144689
0.5059832937697522
0.5059832937697522
4.711916412343552
4.711916412343552
1.3757296056425101
1.3708619917466631
0.9936521641793448
0.9887714372600838
1.3262958915586343
1.326264003069878
1.22986033318762
1.22986033318762
2.5561541385834383
2.5561544366066977
1.6394062804468013
1.6394062804468013
3.612673117241039
3.6183838389377403
0.12451352173251173
0.11291684066257979
0.10681123814716775
0.10684133849636757
-0.004881024942520185
-0.004881024942520185
4.917604913426031
4.917604913426031
0.045165722985949674
0.045165722985949674
0.14281006369710747
0.13796629166201235
0.10498226940420485
0.10009945632212824
0.1434323362627432
0.1434022359135434
0.07568539091174475
0.07568539091174475
0.10254086286316655
0.10251612693263601
0.035402182984612285
0.035402182984612285
0.07324398437070645
0.07324398437070645
0.11230648902732021
0.11230648902732021
0.09384126589790176
0.1062166817446566
0.10437191776894528
0.10437191776894528
0.14526339116852194
0.1452532583777022
0.11963070865043512
0.12451352173251173
0.10681123814716775
0.10681123814716775
-0.004881024942520185
-0.004881024942520185
4.917597462844546
4.917567660518605
0.045165722985949674
0.045165722985949674
0.14282198462748363
0.14283658776719443
0.10498226940420485
0.10498226940420485
0.1434323362627432
0.14343442242555904
0.07568539091174475
0.07568539091174475
0.09117306365645694
0.0976407644320445
0.030519369902535676
0.035402182984612285
0.07324398437070645
0.07325054088241334
0.11230648902732021
0.11230648902732021
0.10620088651190818
0.10620088651190818
0.10437191776894528
0.10437191776894528
0.14527024570348823
0.14525802674985266
4.909057904369581
4.904175091287504
4.791260038764481
4.791288648997384
4.565429933718435
4.565429933718435
4.295044159298439
4.295044159298439
3.8720704760635467
3.8720704760635467
3.269271942290299
3.2678166947146288
2.3968505736411303
2.406005848170024
1.1779783580277392
1.1779831263998897
4.502563715286698
4.512329341450851
2.224731412497927
2.224768963428612
3.8940431349328914
3.8940431349328914
3.6212159539718574
3.6212159539718574
3.1829834798554755
3.1829894403206636
3.061523504438818
3.061523504438818
4.177856645328599
4.177856645328599
4.428711167420288
4.4287099753272505
4.909057904369581
4.909057904369581
4.791260038764481
4.791260038764481
4.565429933718435
4.565429933718435
4.292755340666216
4.295079922089568
3.869018717887249
3.86718766298147
3.2678223571565574
3.267802091574918
2.4108886612521006
2.4108886612521006
1.1779783580277392
1.1779783580277392
4.517212154532928
4.5171781798813555
2.224731412497927
2.224731412497927
3.8940431349328914
3.8940431349328914
3.6212159539718574
3.6211852575761387
3.1829834798554755
3.1829834798554755
3.061523504438818
3.061523504438818
4.177856645328599
4.177856645328599
4.430542222326067
4.428678384861754
4.546511119188203
4.546509033025387
2.7240011363030834
2.7240011363030834
0.8947772854301077
0.8947772854301077
3.972246524363342
3.9636253075153003
3.0145285146866456
3.0145285146866456
4.675905665863236
4.671022852781158
1.558839864592536
1.558839864592536
2.769167157312293
2.7713013018728856
3.6419699957334988
3.6419699957334988
0.4175586006115197
0.4064578302452362
1.122438445381933
1.1126728192177795
0.7983417270590933
0.7983426211288716
4.8913594950866095
4.8913594950866095
4.041750316828527
4.0417482306657115
3.550416952421302
3.5503788054440983
0.07751614779426408
0.07751435965470765
4.5416283061061264
4.546511119188203
2.7240011363030834
2.7239865331633726
0.8947772854301077
0.8947772854301077
3.9636253075153003
3.959350759905667
3.0145285146866456
3.0152151602763126
4.675905665863236
4.675866624816254
1.5606709194983148
1.558839864592536
2.769167157312293
2.769162686963402
3.6419699957334988
3.6419699957334988
0.4064959772224399
0.4064938910596241
1.1126728192177795
1.1126346722405758
0.7983417270590933
0.7983417270590933
4.886476682004533
4.8913594950866095
4.041750316828527
4.041738395898151
3.550416952421302
3.550416952421302
0.07751614779426408
0.07934541456048683
0.8782977912780989
0.8863086564908811
1.9989033936146967
1.998863756521196
2.9834005812884072
2.9846212845589264
3.707885886178718
3.707923437109403
4.136354820293763
4.136354820293763
4.540407602835607
4.5404055166727915
4.812014080526123
4.811974741455882
4.938967220660117
4.938993744730204
0.025024119022383662
0.025024119022383662
0.06714046801811069
0.067105301273501
4.989013968588587
4.989013968588587
0.08361996217011969
0.08361787600730386
0.07568330474892893
0.07568330474892893
0.03784150336283476
0.037879054293519676
0.02685517392816239
0.02685517392816239
0.0445553713506901
0.0445553713506901
0.8863086564908811
0.8782977912780989
1.9989033936146967
1.9989013074518809
2.9846212845589264
2.9846212845589264
3.707885886178718
3.7078787336204924
4.136354820293763
4.136352734130947
4.535524789753531
4.540390317486562
4.812014080526123
4.812014080526123
4.938967220660117
4.938965134497301
0.025024119022383662
0.025024119022383662
0.06714046801811069
0.06714583243677996
4.989013968588587
4.989013968588587
0.08423031380537926
0.08361787600730386
0.08560151882189748
0.07568330474892893
0.03784150336283476
0.03784150336283476
0.02685517392816239
0.02685517392816239
0.0445553713506901
0.04453212553645658
4.949951463931973
4.949951463931973
0.07751435965470765
0.07751465767796706
0.007934273235115086
0.007934273235115086
0.025024119022383662
0.025024119022383662
0.13549776500436828
0.13549776500436828
0.14221163299222406
0.14224530962053672
0.09399385380671665
0.09399385380671665
0.050658887703286304
0.053726739135592005
0.07568330474892893
0.07202119493737147
0.042113964809651794
0.04698247277527745
0.06469697531425656
0.06469697531425656
0.17211886311994373
0.17211886311994373
0.10253877670035072
0.10253877670035072
0.15438200883650888
0.15438737325517815
0.17089815984942414
0.17089815984942414
0.17456026966098204
0.1745510309399405
4.949951463931973
4.949951463931973
0.07751435965470765
0.07751435965470765
0.007934273235115086
0.007934273235115086
0.025024119022383662
0.025207999373435985
0.13549776500436828
0.1409909297217049
0.137328819910147
0.14218451287561829
0.08911104072464004
0.09399385380671665
0.053710645879584185
0.05371273204240001
0.07568330474892893
0.07568330474892893
0.04699558579869123
0.04697204196119831
0.06469697531425656
0.06469697531425656
0.17211886311994373
0.17212690974794764
0.09765596361827411
0.10253877670035072
0.15441866569741558
0.1544207518602314
0.17089815984942414
0.17089815984942414
0.17456026966098204
0.17175795695280494
4.722902741778224
4.723513093413484
1.824953177565715
1.824979701635802
0.6121823921421041
0.6121823921421041
1.813356496495783
1.813356496495783
1.7047139054195768
1.7047139054195768
1.0729644981580375
1.0730351296705163
1.2182636521176877
1.218261565954872
2.4755880207524323
2.475606796217775
1.5405293155347484
1.5356465024526718
0.0933855883342729
0.09335727612462952
1.4727802840209345
1.4727802840209345
3.6981223461773807
3.698120260014565
4.077150711673583
4.077150711673583
3.8751243204026604
3.872055276877317
1.314699210488702
1.3116474523124042
3.338624934986226
3.338643412428309
4.722902741778224
4.722902741778224
1.824953177565715
1.824953177565715
0.6121823921421041
0.6121823921421041
1.813320435681395
1.8133922592869114
1.704711819256761
1.6998310923375002
1.0729978767630908
1.073009797693467
1.2182636521176877
1.2182636521176877
2.4755880207524323
2.4755880207524323
1.5405293155347484
1.5405293155347484
0.0933855883342729
0.09403438496999561
1.4727802840209345
1.4617939545862622
3.6981223461773807
3.698109233153967
4.077150711673583
4.077150711673583
3.8751243204026604
3.8751243204026604
1.314699210488702
1.314699210488702
3.33865801556802
3.3337456981832623
1.4111326826969006
1.406249869614824
2.8082275758060904
2.8082061181314133
4.684448502594054
4.684448502594054
1.8035887841688139
1.8035905723083703
2.20642086344014
2.20642086344014
3.5595704388106393
3.546844249587566
1.8823241451173
1.8707274640473681
4.550171142836946
4.5501401484179675
2.801515793981051
2.801513707818235
2.8021240594534946
2.802145815151431
1.334228376654193
1.334228376654193
3.7274171385070254
3.7274171385070254
0.5554196900629629
0.5554196900629629
1.921462943728321
1.909143556254334
3.084718952741498
3.0847168665786824
3.6712668742259593
3.671235581783722
1.406249869614824
1.4111326826969006
2.8082275758060904
2.8082275758060904
4.684448502594054
4.684448502594054
1.8042754297584809
1.8036251430064612
2.210693324886957
2.20642086344014
3.5595704388106393
3.5596062016017678
1.8823241451173
1.8823241451173
4.550171142836946
4.550171142836946
2.801513707818235
2.801513707818235
2.802091872941479
2.802158332128326
1.3342304628170087
1.334228376654193
3.7274171385070254
3.7273900183904196
0.5554196900629629
0.5554196900629629
1.9091796170687219
1.9091796170687219
3.0847168665786824
3.0847168665786824
3.6792777394387413
3.6712963785286403
0.1031491283356103
0.10375947997086987
0.14587374280378151
0.14590056489712788
0.06408662367899698
0.06408662367899698
0.1055905348766486
0.1055905348766486
0.09582490871249538
0.09582490871249538
0.03781795952534184
0.03786057685143662
0.024415853549939914
0.019530954305047477
4.9768069358833955
4.976806339836877
0.14892758714289522
0.14648618060185692
0.14221163299222406
0.14220358636422015
0.09582490871249538
0.09582490871249538
0.13183565519281082
0.13183774135562665
0.11291475449976396
0.11292667543014012
0.2014157416124034
0.20142021196129445
0.025024119022383662
0.02868622883394112
0.04577607462120925
0.0457504446209005
0.10375947997086987
0.10375947997086987
0.14587374280378151
0.14587582896659734
0.06408662367899698
0.06411106158626811
0.10070772179457199
0.1055905348766486
0.09094209563041877
0.09582490871249538
0.03784150336283476
0.037862961037511855
0.024413767387124086
0.024413767387124086
4.9768069358833955
4.976809022046211
0.15136899368393353
0.15136899368393353
0.1424405148554464
0.14221222903874287
0.09338350217145708
0.09582490871249538
0.13183565519281082
0.13182999275088214
0.11291475449976396
0.11291475449976396
0.2014157416124034
0.2014175297519598
0.02868622883394112
0.028693381392166817
0.04577607462120925
0.04577607462120925
0.08361996217011969
0.08361996217011969
0.09460629160479206
0.09463221962836021
0.11474789556835852
0.11474789556835852
0.04394710587824635
0.04394710587824635
4.977419373681471
4.977419373681471
0.0196856283766782
0.016502441942983115
0.11902035701517555
0.11474789556835852
0.13611020280244368
0.13610990477918428
0.0769060941822639
0.0769060941822639
0.11352719229783936
0.11350633066968108
0.13611020280244368
0.13611020280244368
0.08606136871115799
0.07934541456048683
0.1037615661336857
0.10378779218051326
0.10925473085102189
0.11413754393309894
0.15258969695445268
0.15258969695445268
0.2716079678068124
0.2716017093183649
0.08361996217011969
0.08361996217011969
0.09460629160479206
0.09338350217145708
0.11474789556835852
0.12115658773858407
0.03906429279616974
0.04394710587824635
4.972536560599394
4.977419373681471
0.016481282291565424
0.016484262524159465
0.11474789556835852
0.11474789556835852
0.13610811663962785
0.13610811663962785
0.0769060941822639
0.07687897406565813
0.10864437921576231
0.11352689427457996
0.13611020280244368
0.13611020280244368
0.08606136871115799
0.08609236313013602
0.1037615661336857
0.1037615661336857
0.11413754393309894
0.1245114355696959
0.15258969695445268
0.15930356494230802
0.2716079678068124
0.2716082658300718
0.08667172034641757
0.08667172034641757
0.08484066544063884
0.08481145916121724
4.9664330442467985
4.9664330442467985
-0.003052056199557285
-0.007934869281633894
4.968264099152577
4.968238171129009
0.023805501914680338
0.028688314996756947
0.04577816078402508
0.04577816078402508
0.19226255324632557
0.19226046708350975
0.03784358952565059
0.03784358952565059
0.07385433600596603
0.07382274554046919
0.11413754393309894
0.11413754393309894
0.06653011638285111
0.0616473033007745
0.0445553713506901
0.0458523685756167
0.12512178720495548
0.12512178720495548
0.15197725915637728
0.15197725915637728
0.1831051925546161
0.183127246275812
0.08667172034641757
0.08667172034641757
0.08484066544063884
0.07995785235856223
4.966457780177329
4.961550231164722
-0.003049970036741456
-0.003052056199557285
4.968264099152577
4.968264099152577
0.028688314996756947
0.028672817787267935
0.04577816078402508
0.04577816078402508
0.19226255324632557
0.20141782777521922
0.03784358952565059
0.033876303896463345
0.06897152292388942
0.0738522498431502
0.11413754393309894
0.11413754393309894
0.06653011638285111
0.06654769975515595
0.0445553713506901
0.0445553713506901
0.12512178720495548
0.12023897412287887
0.15198351764482476
0.15197725915637728
0.1831051925546161
0.18310727871743193
0.2887323842921714
0.2838132123724475
2.312011696340048
2.312011696340048
0.18371554418987568
0.17944308274305865
4.5861818893172615
4.5861818893172615
1.8041991358040734
1.8041726117339865
1.743163972278115
1.743163972278115
0.17333956639046288
0.17333956639046288
1.6497801720833984
1.6387676166018983
2.1850585562060543
2.1850585562060543
3.159790117715611
3.159796078180799
0.7470701035344725
0.7470701035344725
0.7220456864888294
0.7220477726516452
1.149291831170539
1.149291831170539
1.735222546484774
1.7303206599140952
2.9486084519157947
2.943725638833718
1.4013670565327474
1.4013968588586878
0.2886960254545241
0.2886960254545241
2.312011696340048
2.312011696340048
0.18371554418987568
0.18371554418987568
4.5940401666212285
4.58617771699163
1.8041991358040734
1.7932128063694008
1.743163972278115
1.7432018212320592
0.17333956639046288
0.17333956639046288
1.6387938426487259
1.6387938426487259
2.1850585562060543
2.1850585562060543
3.1597939920179834
3.154883164749523
0.7470701035344725
0.7421872904523956
0.7220456864888294
0.7220465805586076
1.149291831170539
1.149291831170539
1.7352294010197402
1.7352294010197402
2.9486084519157947
2.9486084519157947
1.4015196444415623
1.4013700367653414
4.498903691637956
4.494631230191139
4.604494524537865
4.6044635301188865
4.83215568448969
4.83215568448969
4.916994561790771
4.916992475627955
4.988405703116143
4.988405703116143
0.016459228570369522
0.016449989849327995
0.008544624870374662
0.0036638979511138814
-0.003049970036741456
-0.0030803684092006733
-0.009153486389337218
-0.0042706733072606085
4.989016054751403
4.989013968588587
0.06775081965337026
0.06775081965337026
0.07324398437070645
0.08385182426593607
0.12451322370925233
0.11963041062717572
0.191652201611066
0.19163253207594533
0.24170073767909273
0.24170073767909273
0.32043609862757894
0.3204343104880225
4.498903691637956
4.498903691637956
4.604497802793718
4.60448677593312
4.83215568448969
4.832153598326874
4.9121117487086945
4.916988303302324
4.983522890034067
4.988405703116143
0.016481282291565424
0.016479196128749596
0.00854671103319049
0.00854671103319049
-0.003049970036741456
0.005539954369062627
-0.0042706733072606085
-0.006712079848298913
4.989016054751403
4.989018140914219
0.06775081965337026
0.06775081965337026
0.07324398437070645
0.07324189820789062
0.12451322370925233
0.12451322370925233
0.19161226649430585
0.19165488382040063
0.2416989495395363
0.24170073767909273
0.32043609862757894
0.3204632187441847
4.017336251418143
4.02221906450022
2.994997262358339
2.9949951761955234
1.0021991732357947
1.0021991732357947
3.1311056770212264
3.130200580382416
3.4747336476723727
3.4796164607544493
1.6778584334681552
1.6778816792823887
1.7785664532859866
1.7834492663680632
4.089357744378775
4.089382182286046
2.9577658126075046
2.9577658126075046
4.500124394908475
4.500122308745659
0.14526339116852194
0.14526339116852194
1.8035753731221407
1.798694944226139
2.622070327051917
2.6171875139698404
0.5560300416982225
0.556053287512456
4.344482641754466
4.344482641754466
3.0847168665786824
3.0847168665786824
4.02221906450022
4.02221906450022
2.9830954054707775
2.9901069986947775
1.0021991732357947
0.9979267117889776
3.12622286393915
3.1311277307424223
3.4747336476723727
3.4747336476723727
1.6778584334681552
1.6778563473053394
1.7834492663680632
1.7834492663680632
4.089358936471813
4.084476719436254
2.9577637264446888
2.9577658126075046
4.500124394908475
4.500144660490115
0.14526339116852194
0.14526339116852194
1.8035908703316297
1.8035887841688139
2.622070327051917
2.622070327051917
0.5416867782696222
0.551130539313619
4.344482641754466
4.343872290119206
3.0847168665786824
3.0847362380905436
2.644042985921262
2.644042985921262
1.8426512888254272
1.8426512888254272
3.1402588653873043
3.1402588653873043
2.1630507305920994
2.1630575851270657
1.6357420844724277
1.6308592713903511
3.3166504879773244
3.316671647628742
1.0601804924226395
1.0601804924226395
4.413452376538798
4.413489927469483
3.1518555464572366
3.1518555464572366
2.312011696340048
2.312011696340048
1.5087889443384341
1.5087889443384341
1.040344064276703
1.0424984744189352
0.6835935334674756
0.6793210720206584
0.4486081538925353
0.4485896764504522
0.3570554086035975
0.3570554086035975
0.13183565519281082
0.13183565519281082
2.644042985921262
2.6440629534796423
1.8426512888254272
1.8426709583605478
3.1402588653873043
3.1353760523052276
2.163085897336709
2.163092453848416
1.6357420844724277
1.6357420844724277
3.3166504879773244
3.3166504879773244
1.0601804924226395
1.0601804924226395
4.419250717073765
4.413469363864584
3.1488037882809388
3.1518555464572366
2.312011696340048
2.3119887485490738
1.5087889443384341
1.5087889443384341
1.0424802950001115
1.0424802950001115
0.6793210720206584
0.6793413376022979
0.4486081538925353
0.44862841947417476
0.3570554086035975
0.3521725955215209
0.13183565519281082
0.13180883309946445
3.7841819267489822
3.7841819267489822
0.0451678091487655
0.045165722985949674
0.61218447830492
0.61218447830492
3.0911276449117238
3.0945024603012157
2.6092550288742817
2.6165792484973966
3.7469504769981476
3.7469850476962385
1.3653583962152476
1.3653583962152476
4.500734746543735
4.500751733869521
4.33166734357683
4.33166734357683
3.2208273674043855
3.2208273674043855
0.9271259220988657
0.9271023782613728
3.843386035369162
3.843383949206346
0.5700702154720085
0.5749530285540854
2.143556433147959
2.1435743145435233
4.8919701447451285
4.8919701447451285
0.5242938428275399
0.5212420846512418
3.7841819267489822
3.787004803062058
0.0451678091487655
0.04519939961426234
0.6042499070465455
0.61218447830492
3.0944845789056514
3.0945024603012157
2.6165792484973966
2.6165792484973966
3.7469504769981476
3.7469504769981476
1.3653583962152476
1.3653345543544952
4.500734746543735
4.500732660380919
4.326784530494753
4.33166734357683
3.2208273674043855
3.220844652753431
0.9271259220988657
0.9271259220988657
3.843386035369162
3.848879200086498
0.5749530285540854
0.5642718749370426
2.143556433147959
2.143547492450177
4.87488029895786
4.8919701447451285
0.5242938428275399
0.5243114261998447
0.14404268789800279
0.14404268789800279
0.01525849285823
0.015260579021045828
0.05554170078536291
0.055544681017956954
0.09704561198301453
0.09704561198301453
0.1080319414176869
0.11291475449976396
0.04699677789172885
0.047017043473368325
0.10498018324138902
0.10498018324138902
0.13610811663962785
0.13309241927771787
0.10436983160612945
0.10436983160612945
0.06469697531425656
0.056762404055882065
0.03845185499809434
0.04425019553306031
0.0634762720437374
0.06347835820655323
0.0024411085177789005
0.00732392159985551
4.977417287518655
4.977430400542069
0.017089547764009172
0.017089547764009172
0.034179393551277304
0.029296580469200695
0.14406205940986405
0.14404268789800279
0.01525849285823
0.015260579021045828
0.05554170078536291
0.05554170078536291
0.09704561198301453
0.09704024756434526
0.11291475449976396
0.11291475449976396
0.04699677789172885
0.032348338645498576
0.10498018324138902
0.10284395251798051
0.13610811663962785
0.13611020280244368
0.10436983160612945
0.10436983160612945
0.06469697531425656
0.06466270263942508
0.03845185499809434
0.03845185499809434
0.0634762720437374
0.058593458961660794
0.007343889158235584
0.00732392159985551
4.977417287518655
4.9774190756582115
0.017089547764009172
0.017089547764009172
0.034179393551277304
0.034159724016156634
0.02868622883394112
0.02868622883394112
4.946289354120416
4.9395754861325605
0.0952145570772358
0.10284395251798051
0.056762404055882065
0.05676419219543849
0.1324460068280704
0.1324460068280704
0.14221163299222406
0.1422429254344615
0.09704561198301453
0.09704561198301453
0.07751435965470765
0.07265091808449231
0.0952145570772358
0.0952145570772358
0.005494654833633206
0.00549495285689261
0.01583308170236153
0.010986031411412966
0.0189206026697879
0.0189206026697879
0.13549776500436828
0.13549776500436828
0.08666963418360174
0.08668989976524122
0.018310251034528324
0.018310251034528324
0.08056611783100598
0.08667142232315816
0.02868622883394112
0.013045968180414036
4.941406541038339
4.946289354120416
0.0952145570772358
0.0952145570772358
0.056762404055882065
0.05678117952122452
0.1324460068280704
0.1324460068280704
0.14221371915503989
0.13733090607296283
0.09705365861101845
0.09216279890093793
0.07751435965470765
0.07751435965470765
0.0952145570772358
0.0952145570772358
0.005492866694076781
0.00551462239201328
0.01586884449349002
0.01586884449349002
0.02685517392816239
0.018922390809344325
0.13549776500436828
0.13580294082199806
0.08666963418360174
0.08666963418360174
0.018310251034528324
0.018310251034528324
0.08666963418360174
0.086689005695463
0.06347835820655323
0.06347835820655323
0.07629574254700433
0.07141292946492772
0.02743512719096275
0.022582712481345357
-0.003662407834816861
-0.003662407834816861
0.04760712952698842
0.04760712952698842
0.14465303953326236
0.14467241104512363
0.07751435965470765
0.07751435965470765
0.024415853549939914
0.02807140684979048
0.10254086286316655
0.10254086286316655
0.03296077644357398
0.04272431644491137
0.0833147863524899
0.07629574254700433
0.09643734651057079
0.09643734651057079
0.03662288625513144
0.03662288625513144
0.12329281846199258
0.12328238764791344
0.06775081965337026
0.06774873349055444
0.015260579021045828
0.01525849285823
0.06349534553233926
0.06347835820655323
0.0762936563841885
0.07629574254700433
0.027465525563421966
0.027465525563421966
-0.003662407834816861
-0.003673136672155408
0.04760712952698842
0.04760712952698842
0.13366671009858955
0.14465303953326236
0.08331270018967407
0.07751435965470765
0.02807796336149737
0.02807796336149737
0.10254086286316655
0.10254086286316655
0.04760921568980425
0.04760683150372902
0.07629574254700433
0.0762936563841885
0.09155453342849418
0.09643526034775496
0.03663778741810164
0.03662288625513144
0.12329281846199258
0.12329281846199258
0.06775081965337026
0.06775081965337026
0.015260579021045828
0.015275480184016033
-0.0042706733072606085
-0.0042709713305200125
4.983522890034067
4.988405703116143
0.04760921568980425
0.04760921568980425
0.07499874532207773
0.08423031380537926
0.06347835820655323
0.06347835820655323
0.0189206026697879
0.0189206026697879
0.005492866694076781
0.005492866694076781
0.1831051925546161
0.17906340111057784
0.11474580940554269
0.11474580940554269
0.08682430825523246
0.08668244918375612
0.04455745751350593
0.04760921568980425
4.898684012732984
4.8986860988958
0.0762936563841885
0.0762936563841885
0.13427706173384912
0.13427914789666495
0.09399385380671665
0.0940039865975364
0.13916196097874156
0.14404268789800279
-0.0042706733072606085
-0.0042706733072606085
4.988405703116143
4.988431035093193
0.04760921568980425
0.04760921568980425
0.08423031380537926
0.07507503927648518
0.06347835820655323
0.059587366531773434
0.0189206026697879
0.018888118134512855
0.006103218329336357
0.005492866694076781
0.1831051925546161
0.18310161627550325
0.11474580940554269
0.11474580940554269
0.08667172034641757
0.08667172034641757
0.04760921568980425
0.047570770689341124
4.898684012732984
4.898681926570168
0.0762936563841885
0.0762936563841885
0.13427706173384912
0.13427318743147687
0.09399385380671665
0.09399385380671665
0.14404477406081861
0.14343442242555904
4.841308872855768
4.852676672062477
4.887695597135496
4.887671755274743
4.898681926570168
4.908447552734321
4.801025962951894
4.800993478416619
4.567871340259473
4.567871340259473
4.205932820550539
4.205934906713355
3.69079604039145
3.690777562949367
2.8533935968152995
2.8582764098973765
1.7736815540410942
1.7736815540410942
0.18249484091935653
0.18246950894230718
2.9388428257516415
2.9388428257516415
4.842529576126287
4.842529576126287
0.6316823520281734
0.6317136444704108
4.595337163846155
4.595337163846155
0.5633542613213374
0.5633542613213374
0.3955075616249517
0.3955451125556366
4.841308872855768
4.841308872855768
4.883423135688679
4.882812784053419
4.907837201099062
4.908447552734321
4.801025962951894
4.801025664928635
4.567871340259473
4.567871340259473
4.205932820550539
4.205948317760028
3.69079604039145
3.69079604039145
2.8533935968152995
2.8582764098973765
1.7736809579945754
1.7736815540410942
0.18249484091935653
0.18249484091935653
2.9388428257516415
2.9388428257516415
4.842529576126287
4.842528980079768
0.6317136444704108
0.6317136444704108
4.5861818893172615
4.595337163846155
0.572128066078194
0.5633542613213374
0.3955075616249517
0.3955075616249517
2.4383565710015978
2.4383565710015978
1.586916039814477
1.58688951574439
1.0638446883970127
1.063842602234197
0.7214374210163856
0.7214353348535698
0.47363406105447536
0.47363257093817834
0.30944798105335014
0.30944798105335014
0.25268527897420867
0.25268527897420867
0.18188657544691278
0.18188448928409695
0.0744646876412256
0.0744646876412256
0.08606136871115799
0.08379072949775823
0.10498226940420485
0.10559262103946443
0.05615413858343832
0.05615205242062249
-0.006864667757113807
-0.004881024942520185
0.05432308367765959
0.05432099751484376
0.03601223659661246
0.03601223659661246
0.02746731370297839
0.027445856028301296
2.4383565710015978
2.438354484838782
1.5820332267324004
1.5869243844657404
1.0638446883970127
1.0638446883970127
0.7214374210163856
0.7214353348535698
0.47363257093817834
0.47363257093817834
0.30944798105335014
0.3180450580173799
0.25268527897420867
0.2545163338799874
0.17700376236483617
0.18188448928409695
0.07385433600596603
0.0744646876412256
0.08606136871115799
0.08605928254834216
0.10498226940420485
0.10498226940420485
0.05615413858343832
0.056189603351307404
-0.004881024942520185
-0.004883111105336013
0.04944027059558298
0.054314739026396275
0.03601223659661246
0.03601223659661246
0.02746731370297839
0.027465525563421966
0.05615413858343832
0.05615413858343832
0.04455745751350593
0.04484981833098134
0.11352719229783936
0.12451352173251173
0.13366671009858955
0.13366671009858955
0.13236971287366295
0.14587374280378151
0.06591767858477571
0.06591767858477571
0.06469697531425656
0.06469697531425656
0.11474580940554269
0.11474580940554269
0.10315091647516672
0.10315091647516672
0.10256083042154662
0.10254801542139225
0.035400096821796456
0.035402182984612285
4.967653747517318
4.9676248392611555
0.04760921568980425
0.04760921568980425
0.07629574254700433
0.0762936563841885
0.08423031380537926
0.08423031380537926
0.06714046801811069
0.054222947862499815
0.05615413858343832
0.05859554512447662
0.03967464443142932
0.04454911286224261
0.11352719229783936
0.11352719229783936
0.13366671009858955
0.13366671009858955
0.14587374280378151
0.14587374280378151
0.0659394342827122
0.06591827463129452
0.06469697531425656
0.059814162232179946
0.11474580940554269
0.11471868928893691
0.10315091647516672
0.10315091647516672
0.10254056483990714
0.10253877670035072
0.035402182984612285
0.035402182984612285
4.967653747517318
4.9567088433157025
0.04760921568980425
0.0299090182672761
0.07629574254700433
0.07628411963988757
0.08423031380537926
0.08423031380537926
0.06714046801811069
0.06713838185529486
3.8177491805254435
3.8177491805254435
3.159148473638114
3.1591943692200624
2.216186489604293
2.216186489604293
0.7598874878749238
0.7598982167122623
3.9343263428600244
3.9343263428600244
1.4337159912247648
1.4337156932015054
3.0255127579585026
3.0255127579585026
3.5711671198805712
3.5777283999596117
2.7435303024685744
2.7435303024685744
4.771499904572952
4.762585432837657
4.598388922022453
4.583130131140964
3.86718766298147
3.872052296644723
2.800293004547716
2.800293004547716
4.022827329972664
4.022827329972664
2.9962158794660425
2.9962158794660425
3.7481917438735657
3.7481524048033243
3.8177491805254435
3.812866367443367
3.159180064103611
3.159191090964209
2.216186489604293
2.216186489604293
0.7598874878749238
0.7598874878749238
3.9343263428600244
3.9343263428600244
1.4316560544557637
1.433746389597224
3.0255127579585026
3.0212402965116856
3.5662843067984946
3.5711894716250265
2.7435303024685744
2.7435303024685744
4.762573511907281
4.762573511907281
4.598388922022453
4.598388922022453
3.8720984902499307
3.872103258622081
2.8002950907105317
2.7954101914656393
4.022827329972664
4.022815707065547
2.9962158794660425
2.9962158794660425
3.748169094105851
3.748169094105851
3.0535910193432594
3.0535910193432594
4.419939448826248
4.411652018028738
1.6455097967993972
1.64123733535258
0.4779071185478112
0.47791784738514975
2.5817892052876004
2.586672018369677
3.8330100575697488
3.833007971406933
4.734499422848156
4.734499422848156
0.25088492046414856
0.25085422406842994
0.6298846757274479
0.6298846757274479
0.5429095677029572
0.5548123186602973
0.6420917084326396
0.6427020600678992
0.8862320645132142
0.8862609727693764
0.6512469829615335
0.6512469829615335
0.17517240943579804
0.1751706212962416
4.744265049012309
4.744265049012309
3.941118590965103
3.952034586910556
3.03772187682651
3.0487082062611828
4.411623407795835
4.411651720005478
1.6455097967993972
1.6455097967993972
0.4779071185478112
0.4779050323849954
2.586672018369677
2.5866681440673047
3.8330100575697488
3.832969824429729
4.73449733668534
4.7296166097660794
0.25085631023124577
0.25088372837111095
0.6298846757274479
0.6298846757274479
0.5548114245905191
0.5548093384277033
0.6427020600678992
0.6427020600678992
0.8745590894888746
0.8861992819546798
0.6408710051621205
0.6512469829615335
0.17517240943579804
0.1751995295524038
4.744265049012309
4.744265049012309
3.952028626445368
3.952026540282552
2.145998137712257
2.1460038001541855
1.5612812711335744
1.5612627936914913
1.1517332377115772
1.1468525107923162
0.7977292892610179
0.7977564093776237
0.4834002832651474
0.4834002832651474
0.3082293639456468
0.308227277782831
0.20263644488292254
0.20263644488292254
0.13237179903647878
0.14526339116852194
0.18432798198795108
0.18435987047670732
0.19470187362454805
0.19470187362454805
0.2032488826809984
0.2032488826809984
0.054933435312919165
0.054948634499148774
0.06469906147707238
0.06469906147707238
0.09643734651057079
0.09643526034775496
0.08728207198167715
0.08724332895795461
0.10681123814716775
0.10681123814716775
2.1411153246301797
2.145998137712257
1.5612812711335744
1.5612452103191865
1.151735323874393
1.151735323874393
0.7977292892610179
0.8050535088841331
0.4834002832651474
0.4942340247910053
0.3082293639456468
0.3081936011545183
0.20385714815344214
0.20263644488292254
0.14526547733133777
0.14524044337754782
0.18432798198795108
0.18432798198795108
0.19470187362454805
0.19470187362454805
0.2032488826809984
0.2032432202390697
0.054933435312919165
0.05493134915010334
0.059816248394995775
0.06469906147707238
0.09643734651057079
0.09645701604569146
0.08728207198167715
0.08728207198167715
0.10681123814716775
0.10131807342983157
0.10436983160612945
0.10383577392527732
0.07568330474892893
0.07566631742314289
0.10436983160612945
0.10620088651190818
0.06591767858477571
0.06594539474790029
4.987793265318068
4.987793265318068
4.985353944939845
4.98535185877703
0.048217481162248
0.048248475581226025
0.10498018324138902
0.10498226940420485
0.03662080009231561
0.04661530811969117
0.07324189820789062
0.07324189820789062
0.21423312595285493
0.21423312595285493
0.10681123814716775
0.10680676779827669
0.017699899399268748
0.017699899399268748
0.008544624870374662
-0.00243961840148188
0.05737275569114164
0.06469697531425656
0.10681123814716775
0.10681123814716775
0.10436983160612945
0.10436983160612945
0.07568330474892893
0.0757175774237604
0.10620088651190818
0.10620088651190818
0.06591976474759154
0.06591946672433213
4.987779854271395
4.987793265318068
4.985353944939845
4.98535185877703
0.043334668080170946
0.048217481162248
0.10498018324138902
0.10496528207841882
0.03662080009231561
0.03662080009231561
0.07324189820789062
0.07629544452374493
0.21423312595285493
0.21186801336622407
0.10681123814716775
0.10681123814716775
0.017699899399268748
0.017699899399268748
0.008544624870374662
0.008527637544588629
0.05737275569114164
0.05737275569114164
0.10681302628672418
0.10192842506509114
0.027467611726237795
0.027467611726237795
0.08300961053486011
0.0833147863524899
0.08423031380537926
0.08423031380537926
0.11596859883887767
0.11596859883887767
0.14587582896659734
0.14587582896659734
0.106202972674724
0.10619105174434784
0.07751644581752348
0.07751644581752348
0.05371273204240001
0.053723758902997965
0.11596651267606184
0.11596651267606184
0.13183774135562665
0.13183774135562665
0.03662258823187203
0.03665000637173721
0.05066097386610213
0.05554170078536291
0.06836117128862984
0.07324398437070645
0.0451675111255061
0.045197015428187104
0.06591976474759154
0.06591976474759154
0.08484036741737944
0.08300961053486011
0.027467611726237795
0.011216999437451136
0.0781267974527835
0.08303732669798469
0.08423031380537926
0.08423031380537926
0.11596859883887767
0.11594267081530951
0.14587582896659734
0.14587582896659734
0.106202972674724
0.106202972674724
0.07751644581752348
0.07753611535264415
0.048829918960323404
0.053710645879584185
0.11108369959398523
0.11596651267606184
0.13183774135562665
0.13183207891369797
0.03662258823187203
0.03662258823187203
0.05554378694817874
0.06530911508907256
0.07324398437070645
0.07095516573848304
0.04028469804342949
0.04512847007852416
0.05127132550136171
0.06103695166551493
0.08484036741737944
0.08486540137116938
0.12573422500303089
0.12573422500303089
0.12573422500303089
0.12573422500303089
0.13611020280244368
0.13612391187237627
0.12878389701651294
0.13366671009858955
0.07507503927648518
0.07507503927648518
0.06653011638285111
0.066536672894558
-0.0036603216720010323
-0.0036603216720010323
4.987182913682808
4.982910452235991
0.027467611726237795
0.027467611726237795
0.10620088651190818
0.1062023766282052
0.10375947997086987
0.10375947997086987
0.056762404055882065
0.06652803022003528
0.046157544393246486
0.034179393551277304
0.20385714815344214
0.20385714815344214
0.16479464349682837
0.16479464349682837
0.07507503927648518
0.07505685985766153
0.12573422500303089
0.12573422500303089
0.12573422500303089
0.12085141192095428
0.1360961957092517
0.13611020280244368
0.13366671009858955
0.13366671009858955
0.07507503927648518
0.07507503927648518
0.06653011638285111
0.06654978591797178
-0.0036603216720010323
-0.0036603216720010323
4.974975880977617
4.9823021867635475
0.018312337197344153
0.027467611726237795
0.10620088651190818
0.10620088651190818
0.10375947997086987
0.10375947997086987
0.06652803022003528
0.06654650766211834
0.034179393551277304
0.034179393551277304
0.20385923431625796
0.20385923431625796
0.16476901349651962
0.16479464349682837
0.07507503927648518
0.07507295311366935
2.3095702897990096
2.3095702897990096
3.3563233442691978
3.3563114233388216
4.546509331048647
4.546509331048647
1.1700437867693647
1.1700458729321805
3.181991956471438
3.19030799750185
0.7281492028414254
0.7281492028414254
0.9625242307811059
0.9625242307811059
3.581543097679984
3.5815451838428
0.9130857483250794
0.9130857483250794
4.2242433696083275
4.224224594142985
4.860229773548815
4.860229773548815
0.9094236385135219
0.9143332736889451
3.130493239223151
3.130493239223151
4.1467287119303595
4.1467287119303595
2.565917976608035
2.565917976608035
3.6505128324643175
3.6505018056037195
2.3095702897990096
2.3095702897990096
3.3679200253391297
3.3563233442691978
4.555969781395171
4.546509331048647
1.1700437867693647
1.1700437867693647
3.19030799750185
3.19030799750185
0.7281492028414254
0.7281176123759285
0.9625242307811059
0.9625242307811059
3.5766602845979074
3.5815654494244393
0.9130857483250794
0.9130857483250794
4.2242433696083275
4.2242433696083275
4.860229773548815
4.860229773548815
0.9143064515955988
0.9143246310144224
3.130493239223151
3.130493239223151
4.141845898848283
4.141845898848283
2.563858039839034
2.565917976608035
3.6505128324643175
3.6505128324643175
2.4755880207524323
2.4755880207524323
1.9311543621008829
1.931132308379687
1.2847898941981666
1.2847898941981666
4.033205393934892
4.038111750854462
1.4935322396197606
1.4935322396197606
3.472902592766594
3.472900506603778
0.6439227633384184
0.6439227633384184
3.452150637167768
3.452148551004952
2.665407379318163
2.665407379318163
0.5847186547182386
0.5910993327020804
1.9403096366297765
1.9274922522893254
3.897096979272005
3.9019777061912664
2.671434601716352
2.681886873470172
1.5216084148417015
1.5216063286788857
0.9259052188283465
0.9259052188283465
3.1500265777142737
3.1500188291095292
2.4755880207524323
2.4755859345896165
1.9311543621008829
1.9311200894260514
1.2847898941981666
1.2847898941981666
4.038088207016969
4.038086120854153
1.4935322396197606
1.4935322396197606
3.472902592766594
3.4818909742702218
0.6439227633384184
0.6396503018916013
3.452150637167768
3.452148551004952
2.65205593729686
2.665407379318163
0.5847186547182386
0.5847165685554228
1.9403096366297765
1.9403096366297765
3.901979792354082
3.9019511821211794
2.681886873470172
2.6818847873073564
1.5216084148417015
1.5216212298418559
0.9210224057462699
0.9259052188283465
3.1500265777142737
3.150024491551458
4.530641976671454
4.530641976671454
4.174806973315117
4.185111723555532
1.9702168667574962
1.9708272183927558
4.325563827224234
4.325561741061418
4.683077297577536
4.68445058875687
4.3719505515039625
4.371948465341147
4.233400730300037
4.233400730300037
0.20446958595151754
0.2044674997887017
3.0267355473918376
3.0267355473918376
4.9664330442467985
4.966413374711678
1.256103367340966
1.256103367340966
2.2650146204250596
2.2650187927506913
3.012695373618051
3.012695373618051
3.6224387434051923
3.6224366572423765
3.9904786933039063
3.9904786933039063
4.335327367225571
4.3314098514807045
4.530641976671454
4.5257591635893775
4.16992416023304
4.174767634244875
1.9702168667574962
1.9702168667574962
4.325563827224234
4.325561741061418
4.68445058875687
4.68445058875687
4.3719755854577524
4.371958300108707
4.233398644137221
4.233400730300037
0.20446958595151754
0.2044734602538898
3.0267355473918376
3.0267355473918376
4.9664330442467985
4.966430958083983
1.256103367340966
1.256103367340966
2.2650146204250596
2.2591343234937575
3.012695373618051
3.0078125605359745
3.6224387434051923
3.622440829568008
3.9904786933039063
3.9904786933039063
4.335327367225571
4.335327367225571
0.08361787600730386
0.08361787600730386
0.06716878022775408
0.062253780633661826
0.09704561198301453
0.09704561198301453
0.07690400801944808
0.07692457162434696
0.05432099751484376
0.05432099751484376
0.06530732694951613
0.06530732694951613
0.056762404055882065
0.056762404055882065
-0.004272759470076437
-0.004730523196521119
0.028075877198681543
0.028075877198681543
0.0636288599525523
0.05733669487675375
0.07873506292522725
0.08666963418360174
0.07690400801944808
0.07688642464714324
0.05798310732640122
0.05798310732640122
0.034179393551277304
0.034179393551277304
0.0445553713506901
0.0445553713506901
0.056792206381822474
0.05674541673009603
0.08361787600730386
0.07873506292522725
0.06713838185529486
0.06717295255338573
0.09704561198301453
0.09704561198301453
0.07690400801944808
0.07690400801944808
0.05432099751484376
0.05432099751484376
0.06408662367899698
0.06531120125188838
0.06774873349055444
0.056762404055882065
-0.004272759470076437
-0.004271567377038821
0.028075877198681543
0.028075877198681543
0.05737275569114164
0.05737275569114164
0.08666963418360174
0.08666963418360174
0.07688225232151158
0.07692099534523411
0.057985193489217046
0.05310029424432461
0.034179393551277304
0.03415137936489332
0.0445553713506901
0.0445553713506901
0.056762404055882065
0.056762404055882065
0.11657895047413724
0.11657895047413724
0.10299862658961123
0.09462804730272856
0.0427264026077272
0.035402182984612285
0.1037615661336857
0.10374577090093728
0.06408870984181281
0.06408870984181281
0.04394710587824635
0.04394501971543052
0.057985193489217046
0.057985193489217046
0.15139164345164824
0.15136899368393353
0.12390317009725216
0.12391211079503428
0.1623553231186059
0.16235323695579007
0.15503110349549099
0.15503110349549099
0.08728207198167715
0.08724720326032687
0.015260579021045828
0.015260579021045828
0.16540708129490378
0.16540708129490378
0.1446548276728188
0.1446548276728188
0.1351943773262949
0.13549389070199602
0.11047543412154148
0.11657895047413724
0.09460629160479206
0.09457857544166748
0.035402182984612285
0.035402182984612285
0.1037615661336857
0.1037615661336857
0.06408870984181281
0.06409854460937314
0.04394710587824635
0.04394501971543052
0.05310238040714044
0.057985193489217046
0.15136899368393353
0.1514041604285432
0.12390317009725216
0.12390317009725216
0.1623553231186059
0.1623553231186059
0.15503110349549099
0.15503110349549099
0.07629574254700433
0.08725256767899614
0.023195150279420762
0.015260579021045828
0.16540708129490378
0.165437479667363
0.1446548276728188
0.1446548276728188
0.1354995531439247
0.1354998511671841
0.017091633926825
0.017081203112745857
0.06225765493603408
0.06713838185529486
0.10559262103946443
0.10559262103946443
0.07751644581752348
0.07754893035279853
0.046998864054544676
0.046998864054544676
0.05432308367765959
0.05432308367765959
0.007936359397930914
0.007936359397930914
4.944155209559823
4.938354782862041
4.937746517389598
4.946520322146454
4.692383073852429
4.692370556875534
4.560549206799174
4.5672630747870295
4.321291365777417
4.321296730196086
3.7957786078189146
3.7957786078189146
3.1604025555136865
3.1604004693508707
2.3492452322536983
2.3492705642307476
1.2744160025615696
1.2744160025615696
0.017091633926825
0.017091633926825
0.06714046801811069
0.06714791859959579
0.10559262103946443
0.10559262103946443
0.07751644581752348
0.06957978839633316
0.046998864054544676
0.04425228169587614
0.05432308367765959
0.054319209375287336
0.002443194680594729
0.007936359397930914
4.938356869024857
4.938328258791954
4.937746517389598
4.937746517389598
4.692383073852429
4.692383073852429
4.5672630747870295
4.567230888275014
4.321291365777417
4.321291365777417
3.7957786078189146
3.7957786078189146
3.1604025555136865
3.1603986812113143
2.3492452322536983
2.3492452322536983
1.2744160025615696
1.2658856828076461
0.690307401455331
0.690307401455331
3.549804812646486
3.549804812646486
1.2585447738820046
1.2585447738820046
2.907104540718143
2.9055023676755867
1.7144774454209144
1.7144774454209144
1.9787597034883144
1.9787597034883144
2.305908179987452
2.3107909930695287
1.6748045891290413
1.6748045891290413
1.9976806041813617
1.9976806041813617
3.9251710683311307
3.9216594602655723
2.3138427512458266
2.3052978283521925
3.202514732183782
3.2025263550908987
0.8868406280089174
0.8868406280089174
2.2424316099204553
2.2424316099204553
3.071899482238231
3.071899482238231
3.4167314668573696
3.4167329569736666
0.690307401455331
0.6854245883732544
3.549804812646486
3.5497979581115198
1.2585447738820046
1.2585447738820046
2.907104540718143
2.907104540718143
1.7144774454209144
1.7144774454209144
1.9682311377800867
1.9787796710466945
2.3107909930695287
2.310180641434269
1.6748045891290413
1.6748030990127443
1.9976806041813617
1.9976806041813617
3.9251710683311307
3.9251710683311307
2.3138427512458266
2.3138427512458266
3.202516222300079
3.2024885061369543
0.8868406280089174
0.8868406280089174
2.2424316099204553
2.242467372711584
3.071899482238231
3.071899482238231
3.4167481561598962
3.4167481561598962
0.2624529913011777
0.2624529913011777
0.38604919744124366
0.39547537511293607
0.5908221710708346
0.5780047867303832
0.8776874396428394
0.8776892277823958
1.276857409102608
1.276857409102608
1.7944355958027358
1.79443350963992
2.603761864156945
2.603761864156945
3.611460460598524
3.6114771499010505
0.046998864054544676
0.046998864054544676
2.1466084893475164
2.1466064031847005
0.23071470626767931
0.23071470626767931
0.6312579669067819
0.6225941327326456
0.45044129496112983
0.4443377786085341
3.290407453823978
3.2904342759173244
3.942873053893215
3.942873053893215
1.2164322991886496
1.2164305110490932
0.2624529913011777
0.2624529913011777
0.39547328895012024
0.3955427283695614
0.5908200849080187
0.585939357988758
0.8776874396428394
0.8777190301083362
1.276857409102608
1.276857409102608
1.7944355958027358
1.79443350963992
2.603761864156945
2.603761864156945
3.6071036585692955
3.6114157571096133
0.03967464443142932
0.046998864054544676
2.1466084893475164
2.146588223765877
0.23071470626767931
0.23071470626767931
0.622560456104333
0.6225583699415171
0.4443377786085341
0.4443377786085341
3.290408943940275
3.2855016929509273
3.9428712657536584
3.9379902408111382
1.2164322991886496
1.216449584537695
0.15258761079163685
0.15258761079163685
0.09582490871249538
0.09582699487531121
0.10436983160612945
0.10436983160612945
0.11527986708639482
0.1239285020743015
0.1403826642492607
0.13733090607296283
0.046998864054544676
0.04699796998476646
0.0445553713506901
0.0445553713506901
0.1251238733677713
0.12513341011207224
0.09704769814583036
0.09704769814583036
0.11535824720361809
0.11535616104080226
0.11413754393309894
0.1141637699799265
-0.0012189151309627277
-0.0012189151309627277
4.953005308271087
4.9578881213531645
4.909670342167656
4.909661997516393
-0.00243961840148188
-0.00243961840148188
0.1623553231186059
0.16235323695579007
0.15258761079163685
0.15258761079163685
0.10284395251798051
0.0958410019685032
0.10436983160612945
0.10436983160612945
0.12390108393443633
0.12389989184139871
0.14221371915503989
0.14221371915503989
0.046998864054544676
0.04699677789172885
0.0445553713506901
0.04457682902536719
0.1251238733677713
0.1251238733677713
0.09216488506375375
0.09704769814583036
0.11535824720361809
0.11533082906375292
0.11413754393309894
0.11413754393309894
-0.0012189151309627277
-0.0012210012937785564
4.9578881213531645
4.9578881213531645
4.907534111444248
4.90968852158648
0.001832843045335153
-0.00243961840148188
0.1623553231186059
0.16237856893283942
0.03845185499809434
0.03845185499809434
0.04760712952698842
0.04760712952698842
4.960327441731387
4.960345323126951
4.888916300406015
4.888918386568831
4.769897731530396
4.774780544612472
4.481201408052613
4.481169817587116
4.165039260988148
4.165039260988148
3.737793116306438
3.7378104016554836
2.9754639238672165
2.9754639238672165
1.7358397526549998
1.730959025735739
0.28198215746666877
0.26420566608973317
3.1414795686578234
3.1414795686578234
0.19775363180084593
0.20263644488292254
1.3073729047027713
1.3073860177261851
0.9527586046169525
0.9527586046169525
3.2110617412402322
3.2110617412402322
0.03845185499809434
0.03844500046312804
0.04760712952698842
0.04760712952698842
4.960327441731387
4.960327441731387
4.888916300406015
4.888924347034019
4.774780544612472
4.774780544612472
4.481201408052613
4.4696068131454965
4.165039260988148
4.151001173377177
3.737793116306438
3.737793116306438
2.97058111078514
2.9754639238672165
1.7358397526549998
1.7358317060269959
0.28198215746666877
0.28198215746666877
3.1414816548206392
3.1414816548206392
0.20263644488292254
0.20264925988307692
1.3073729047027713
1.3073729047027713
0.9527586046169525
0.9527586046169525
3.2110596550774164
3.211044753914446
0.6726092901956189
0.6726092901956189
0.3485125718727793
0.35705749476641335
0.19104184997580642
0.1978320119180692
0.09399593996953248
0.09399385380671665
0.0427264026077272
0.04760921568980425
0.10437012962938885
0.10433645300107619
0.01648098426830602
0.01648098426830602
0.06775081965337026
0.06772757383913675
0.11535794918035869
0.11535794918035869
0.10498018324138902
0.10009737015931242
0.04517287554417537
0.0451678091487655
0.11596830081561826
0.11596859883887767
0.0933855883342729
0.0933855883342729
0.03601223659661246
0.03598332834045026
0.06714016999485128
0.06714016999485128
0.03784358952565059
0.03356904191601773
0.6726092901956189
0.6692523562016912
0.3485125718727793
0.3485125718727793
0.19104184997580642
0.19104184997580642
0.09399593996953248
0.0939679257831485
0.04760921568980425
0.04760921568980425
0.10436983160612945
0.09948701852405284
0.016494991361498013
0.01648098426830602
0.06775052163011086
0.06775052163011086
0.11535794918035869
0.11535794918035869
0.10498226940420485
0.10496856033427227
0.0451678091487655
0.0451678091487655
0.11596830081561826
0.10864229305294648
0.0933855883342729
0.10284603868079634
0.03601223659661246
0.03601044845705603
0.06714016999485128
0.06714016999485128
0.03784358952565059
0.03787547801440683
0.08667142232315816
0.08667142232315816
0.06408662367899698
0.05920381059692037
-0.0018140675799926953
-0.001829564789481708
0.035402182984612285
0.035402182984612285
0.07751644581752348
0.07751644581752348
0.05554378694817874
0.05551428264549774
0.106202972674724
0.106202972674724
0.15319796242689643
0.15077384123490356
0.12207181716821403
0.12207181716821403
0.0885024772289369
0.10681332430998358
0.0643938856594426
0.057985193489217046
4.960329527894203
4.960327441731387
0.02685726009097822
0.02685726009097822
0.08606136871115799
0.08607418371131237
0.12634457663829046
0.12634457663829046
0.08606136871115799
0.08606136871115799
0.08670211871887679
0.08178860924108156
0.0640884118185534
0.06408662367899698
-0.001829564789481708
-0.001829564789481708
0.035402182984612285
0.035406653333503346
0.07751644581752348
0.07751644581752348
0.04944027059558298
0.05554378694817874
0.10032833818535059
0.106202972674724
0.15319796242689643
0.15319796242689643
0.12207181716821403
0.12207181716821403
0.10681302628672418
0.10684789500807446
0.057985193489217046
0.057985193489217046
4.960329527894203
4.960329527894203
0.02681881509051509
0.02685726009097822
0.08606136871115799
0.08605928254834216
0.12634457663829046
0.12634457663829046
0.08606136871115799
0.0860619647576768
0.1617428853205305
0.1617428853205305
0.16052218205001134
0.16479464349682837
0.1536557261533411
0.15441866569741558
0.260009796620583
0.2600094985973236
0.37841771583768313
0.37841771583768313
0.6225583699415171
0.6225711849416715
0.8666990240453509
0.8666990240453509
1.1499021828057985
1.1498807251311214
1.5777586791227673
1.5777586791227673
2.1453856999141814
2.1453710967744706
2.8479004320979633
2.8479004320979633
3.8275148066895968
3.8275148066895968
0.3277585301111374
0.3277585301111374
2.98522955003137
2.985201535844986
2.5274658235866814
2.5274658235866814
1.8029784325335543
1.7919921030988815
0.1617428853205305
0.1617428853205305
0.16479464349682837
0.16479464349682837
0.15441866569741558
0.15441866569741558
0.260009796620583
0.2600178432485869
0.37841771583768313
0.37841771583768313
0.6225583699415171
0.6225276735457985
0.8666990240453509
0.8666990240453509
1.1499021828057985
1.1499021828057985
1.5777586791227673
1.5777586791227673
2.1453856999141814
2.145355301541722
2.8479004320979633
2.8479004320979633
3.824463048513299
3.8275148066895968
0.33744786232088364
0.3277585301111374
2.98522955003137
2.98522955003137
2.5274658235866814
2.5274658235866814
1.7919921030988815
1.792024289610897
0.4834002832651474
0.48339819710233156
0.2984637377814936
0.29842499475777107
0.2020281794104788
0.2020281794104788
0.07324398437070645
0.07324189820789062
0.10315121449842612
0.10315121449842612
0.11413754393309894
0.1140982048628576
0.06469906147707238
0.06469906147707238
0.006715656127411762
-6.437302403128342E-4
0.02685726009097822
0.012819172480007524
-0.0018292667662223039
-0.0018408896733390634
0.10681332430998358
0.10681332430998358
0.08484066544063884
0.08483857927782301
0.07629574254700433
0.07629574254700433
0.028682354531568865
0.028704408252764768
0.05676419219543849
0.056762404055882065
0.05249202877188086
0.05734414545823885
0.4834002832651474
0.4834002832651474
0.2984637377814936
0.29846165161867777
0.2020281794104788
0.2020281794104788
0.07324398437070645
0.08400560426778858
0.10315121449842612
0.0885027752521963
0.11413754393309894
0.11412830521205741
0.06469906147707238
0.06469906147707238
-6.085634957031516E-4
-6.106496585189802E-4
0.02685726009097822
0.02685726009097822
-0.0017943980448720254
-0.001846552115267741
0.10681332430998358
0.10681123814716775
0.07995785235856223
0.0848081809053638
0.07629574254700433
0.07629574254700433
0.028688314996756947
0.02868622883394112
0.05676419219543849
0.05676419219543849
0.05737484185395747
0.06447315984644408
0.10681332430998358
0.10681332430998358
0.08300961053486011
0.08300961053486011
0.09887666688879326
0.10375947997086987
-0.004881024942520185
-0.004898012268306218
4.920656671602329
4.920656671602329
0.08483857927782301
0.08483857927782301
0.11963070865043512
0.11596859883887767
0.08361996217011969
0.08361996217011969
0.015260579021045828
0.015260579021045828
0.056153840560178914
0.056153840560178914
0.09521664324005163
0.09521664324005163
0.08605928254834216
0.08605928254834216
0.10318012275458832
0.10315121449842612
0.038453941160910166
0.038453941160910166
0.03662288625513144
0.03662288625513144
0.007936359397930914
0.007896424281170766
0.10681332430998358
0.10681332430998358
0.07080257782966815
0.07812471128996723
0.10375947997086987
0.10284395251798051
-0.004881024942520185
-0.004881024942520185
4.920656671602329
4.920656671602329
0.08483857927782301
0.08481652555662711
0.11596859883887767
0.11596859883887767
0.08361787600730386
0.07873506292522725
0.015237631230071713
0.015260579021045828
0.056153840560178914
0.05615413858343832
0.09521664324005163
0.09521664324005163
0.08606136871115799
0.086090873013839
0.10315121449842612
0.10315121449842612
0.03601253461987186
0.03845185499809434
0.03662288625513144
0.04425228169587614
0.007936359397930914
0.007936359397930914
4.843139927761547
4.843139927761547
4.685669205864573
4.685669503887833
4.449463123019114
4.449463123019114
4.266967984076498
4.266967984076498
4.020963194485091
4.0209965730901445
4.4708254302532
4.470827516416016
3.130493239223151
3.130493239223151
2.3303222453978356
2.3303139007465723
2.2833251694828474
2.2833251694828474
2.6342773597571085
2.6342794459199244
0.06774873349055444
0.06774873349055444
1.9519042315368929
1.9554504103005421
3.833007971406933
3.82263199360752
2.863159222979453
2.8680420360615297
4.966354664129575
4.958496386825608
2.9388428257516415
2.9388449119144573
4.843139927761547
4.843139927761547
4.685669205864573
4.685664735515682
4.449463123019114
4.449463123019114
4.262085170994421
4.266939075820336
4.0209965730901445
4.0209965730901445
4.4708254302532
4.470827516416016
3.130493239223151
3.130493239223151
2.3303222453978356
2.33278063926466
2.2833251694828474
2.282714817847588
2.6342773597571085
2.6342773597571085
0.06393403577018208
0.06774873349055444
1.9519042315368929
1.9519042315368929
3.833007971406933
3.833007971406933
2.8680420360615297
2.8680107436192923
4.958496386825608
4.958496386825608
2.9388428257516415
2.938810639239626
0.11474789556835852
0.11474789556835852
0.07385433600596603
0.0738522498431502
0.07629574254700433
0.07629574254700433
0.056764490218697894
0.05373150750774247
0.03418147971409313
0.038453941160910166
0.0769060941822639
0.07690400801944808
0.1228350547355479
0.11230648902732021
0.14526547733133777
0.14522673430761524
0.11535824720361809
0.11535824720361809
0.04760921568980425
0.04760712952698842
0.06591976474759154
0.06591976474759154
0.018274786266659238
0.018289091383110634
0.06713838185529486
0.06225765493603408
0.06775081965337026
0.0677391967462535
0.02441555552668051
0.02441555552668051
0.02624661043245924
0.026244822292902814
0.11474789556835852
0.11474789556835852
0.07385433600596603
0.08347452681953049
0.07629574254700433
0.0781267974527835
0.056764490218697894
0.056777603242111674
0.03418147971409313
0.03418147971409313
0.0769060941822639
0.07690400801944808
0.11230648902732021
0.11230648902732021
0.14524312558688246
0.14527262988956346
0.11535616104080226
0.11047543412154148
0.04760921568980425
0.04757702917778861
0.06591976474759154
0.06591976474759154
0.01831203917408475
0.018310251034528324
0.06714046801811069
0.06714046801811069
0.06775081965337026
0.06415248681932528
0.02441555552668051
0.020753445715123053
0.02624661043245924
0.02624303415334639
4.793092881809816
4.793092881809816
4.644777732464997
4.644775646302181
4.497682988367437
4.497682988367437
4.167472620901182
4.1674913963665245
3.6968995567440457
3.6969016429068615
2.5579854915124765
2.557964629884318
3.8836671571334787
3.8836671571334787
4.898073661097724
4.8980930326095855
1.9018571855851634
1.9018571855851634
1.1224381473586735
1.122436359219117
0.7391373204156542
0.7391373204156542
0.6597919058551676
0.6622580483267364
0.48767274471196487
0.48156922835936866
0.3619403078484904
0.36683921418657484
0.23071470626767931
0.23071470626767931
0.22155943173878567
0.22155734557596984
4.793092881809816
4.793092881809816
4.644776838395218
4.644812005139828
4.497680902204621
4.49280017528536
4.167482753692002
4.167500635087566
3.6969016429068615
3.6969016429068615
2.5579854915124765
2.5579834053496606
3.8836671571334787
3.8836671571334787
4.898073661097724
4.89808588005136
1.9018571855851634
1.893312262691529
1.1224381473586735
1.1224581149170536
0.7391373204156542
0.7391373204156542
0.6622333123962059
0.66223122623339
0.48767274471196487
0.48767274471196487
0.3667930205813672
0.36678318581380687
0.2307126201048635
0.23071470626767931
0.22155943173878567
0.22154512662233428
3.0828858116729037
3.0828858116729037
1.011352659625132
1.0113523616018727
3.2965088840137584
3.2965088840137584
0.21850558739967196
0.21548750585168674
2.879028365496202
2.879028365496202
2.3889160023827554
2.3889469968017334
3.786010895491945
3.786010895491945
1.26525864186986
1.2652440387301491
1.7156981486914336
1.7156981486914336
1.8426512888254272
1.8426512888254272
4.3017580272862945
4.3017580272862945
2.974395808505512
2.964495177804849
4.48486351786417
4.496460198934102
0.7666013558627791
0.7665852626067713
0.4937741749017448
0.4937741749017448
3.4228516725124924
3.4228516725124924
3.0828858116729037
3.0828858116729037
1.0214997555613226
1.011381269858035
3.29406747747272
3.2916260709316814
0.2203366423054507
0.22029938939802518
2.879028365496202
2.879028365496202
2.3889160023827554
2.3889160023827554
3.786010895491945
3.786006425143054
1.26525864186986
1.2652729469863113
1.7156981486914336
1.710815335609357
1.8426512888254272
1.8426524809184648
4.296875214204218
4.3017580272862945
2.964477594432544
2.964477594432544
4.501343012016179
4.501343012016179
0.767440589361261
0.7665861566765495
0.4931638232664852
0.4937741749017448
3.4228516725124924
3.4228805807686546
1.4935301534569447
1.4935301534569447
1.4538593833278874
1.4538572971650716
1.2084980259535343
1.2084914694418274
2.18506064236887
2.185039780740712
4.607544196551347
4.602663469632086
0.8056659466822085
0.8056838280777727
4.344484727917282
4.344484727917282
1.432497076093802
1.4324783006284596
3.0560324258842977
3.0560324258842977
4.128420249035388
4.127807811237313
4.848635178641699
4.83932731620399
0.31982604501557876
0.3198007130385294
0.7153339046637899
0.7135028497580111
1.1218280937466734
1.121823325374523
1.3916035165314098
1.3916035165314098
1.4147968786712741
1.4147947925084583
1.4935301534569447
1.4935560814805129
1.4538593833278874
1.4538572971650716
1.2036152128714577
1.2084980259535343
2.18506064236887
2.1850475293454563
4.6075462827141624
4.6075462827141624
0.8056659466822085
0.7971189376257584
4.344484727917282
4.331209579850385
1.432497076093802
1.4325188317917386
3.0505392611669615
3.0560324258842977
4.128420249035388
4.128445581012437
4.848635178641699
4.848635178641699
0.31982604501557876
0.31982395885276294
0.7183856628400878
0.7183650992351889
1.1169452806645965
1.1218260075838575
1.3916035165314098
1.3916035165314098
1.4147968786712741
1.4147745269268188
0.5822772481772003
0.5822772481772003
2.4694845043998366
2.4609374953433867
2.0495625793412424
2.059557087368618
4.755249292284166
4.755285055075294
1.30310252941877
1.2988300679719529
2.465822394588279
2.4658191163324257
3.319704332316438
3.319704332316438
3.795168256183655
3.7951825613001064
4.118044271235975
4.118044271235975
4.442749255031258
4.442749255031258
4.6264716537561
4.626467183407209
4.832763949962134
4.832763949962134
4.8815920807829
4.8815920807829
-6.106496585189802E-4
-6.13331867853617E-4
4.967041309719242
4.967041309719242
4.987793265318068
4.980469045694953
0.5822772481772003
0.5914325227060941
2.4694845043998366
2.4694824182370207
2.0495625793412424
2.0495625793412424
4.755249292284166
4.755224854376895
1.3037128810540295
1.3037128810540295
2.4658203084254633
2.4609374953433867
3.3197207235957054
3.319704332316438
3.795168256183655
3.7951661700208392
4.118044271235975
4.118044271235975
4.442749255031258
4.442771904798973
4.626467183407209
4.626467183407209
4.832763949962134
4.8303225434210955
4.8815920807829
4.888305948770755
-6.106496585189802E-4
-6.085634957031516E-4
4.967041309719242
4.967041309719242
4.987793265318068
4.9877634629921275
0.08483857927782301
0.08483857927782301
0.037231151727575185
0.032348338645498576
4.976832863906964
4.9768069358833955
0.048217481162248
0.04821956732506383
0.07568330474892893
0.07568330474892893
0.08727998581886132
0.08729518500509093
0.06591767858477571
0.06591767858477571
4.989624320223847
4.981688258849175
0.034179393551277304
0.034179393551277304
0.04394501971543052
0.04394710587824635
0.12268038066391718
0.11634798244809907
0.0738522498431502
0.0738522498431502
0.08422822764256344
0.08422822764256344
0.02685517392816239
0.0268778236958771
4.929199508333148
4.929199508333148
4.956667418082645
4.951784605000568
0.08486152706879713
0.08483857927782301
0.037231151727575185
0.037231151727575185
4.9768069358833955
4.9768069358833955
0.048217481162248
0.04818618872001057
0.07568330474892893
0.07568330474892893
0.07751435965470765
0.08728207198167715
0.06591767858477571
0.05737275569114164
4.989624320223847
4.989624320223847
0.034179393551277304
0.034179393551277304
0.04394501971543052
0.043945913785208734
0.12268038066391718
0.12268038066391718
0.07385433600596603
0.06897152292388942
0.08425534775916921
0.08422822764256344
0.02685517392816239
0.02685517392816239
4.929199508333148
4.929199508333148
4.9566653319198295
4.956673378547833
0.014648141222970423
0.009765328140893814
-0.0024417045642977087
-0.0024417045642977087
4.799804961658116
4.810180939457529
4.559326417365839
4.559326417365839
4.099731636015372
4.099733722178188
3.6096192729019254
3.6096192729019254
2.817382850334984
2.817382850334984
1.5818785526607695
1.5777586791227673
0.05615205242062249
0.0636288599525523
2.7716064776905154
2.771608563853331
4.813843049269086
4.813843049269086
0.6713865007622839
0.671407958436961
0.05493134915010334
0.05493134915010334
2.232665983756302
2.232665983756302
1.0033876899942982
1.003417790343498
2.60253907472361
2.602541160886426
0.014648141222970423
0.014648141222970423
-0.0024417045642977087
-0.0024071338662068342
4.799804961658116
4.799804961658116
4.552002197742724
4.559326417365839
4.099731636015372
4.10697956168408
3.6096192729019254
3.6096213590647412
2.817382850334984
2.817382850334984
1.5777586791227673
1.5777664277275119
0.05615205242062249
0.05615205242062249
2.7716064776905154
2.7667236646084383
4.8138478176412365
4.813843049269086
0.6713865007622839
0.6713865007622839
0.05493134915010334
0.05493134915010334
2.232665983756302
2.2326624074771892
1.003417790343498
1.003417790343498
2.595214855100495
2.60253907472361
2.749635904983986
2.7592489432393243
3.2415793230032115
3.2415772368403957
3.7670920809617137
3.7670920809617137
4.255983740804641
4.25601920557251
4.467775758239718
4.467775758239718
4.608764899821866
4.603882086739789
4.838839154105086
4.838869552477545
-0.003049970036741456
-0.003049373990222648
4.989013968588587
4.989016054751403
0.025634470657643238
0.025660696704470798
4.938356869024857
4.938356869024857
0.16540708129490378
0.16540499513208795
0.08300931251160071
0.08300931251160071
0.05310238040714044
0.05618721916523217
0.028688314996756947
0.028688314996756947
0.03723323789039101
0.03724486079750777
2.749635904983986
2.749635904983986
3.2415793230032115
3.2415772368403957
3.7670920809617137
3.7670920809617137
4.2559831447581224
4.255990893362867
4.467773672076902
4.462892945157641
4.608766985984682
4.6087455283100045
4.838869552477545
4.838869552477545
-0.003049970036741456
-0.003052056199557285
4.989016054751403
4.989016054751403
0.01525849285823
0.025615993215560184
4.938356869024857
4.94873284682427
0.16540708129490378
0.16542913501609968
0.08300931251160071
0.08300931251160071
0.05615413858343832
0.05615205242062249
0.028688314996756947
0.028688314996756947
0.03724605289054539
0.037201349401634776
0.018310251034528324
0.013429226092007696
0.10437161974568587
0.10435254625708401
0.025025907161940086
0.025025907161940086
0.04760921568980425
0.04760712952698842
0.027467611726237795
0.027467611726237795
0.07431209973241071
0.08730949012154232
0.08361996217011969
0.08361996217011969
0.06714046801811069
0.06712795104121572
0.13915987481592573
0.1348874133691087
0.1623553231186059
0.16237588672350478
0.0744646876412256
0.0744646876412256
0.0738522498431502
0.0738522498431502
0.09399593996953248
0.09396613764359207
0.11352719229783936
0.11349947613471478
0.08361787600730386
0.07873714908804308
-0.004881024942520185
-0.0048774486634073355
0.01831203917408475
0.01831203917408475
0.10437161974568587
0.10436983160612945
0.025025907161940086
0.025025907161940086
0.04493892728554316
0.04762858720166552
0.02807796336149737
0.027467611726237795
0.08728207198167715
0.08728087988863953
0.08361996217011969
0.08361996217011969
0.06714046801811069
0.06713838185529486
0.1348874133691087
0.134894267904075
0.1623553231186059
0.16238125114217405
0.07446260147840977
0.0744646876412256
0.0738522498431502
0.07386029647115411
0.09399593996953248
0.09399593996953248
0.11352719229783936
0.11352510613502353
0.08361996217011969
0.08361996217011969
0.005800128674522398
-0.004895926105490389
1.2139891045080549
1.2127684012375357
3.6505128324643175
3.6505292237435847
4.644775646302181
4.644775646302181
1.6082762608857466
1.6082762608857466
1.5686034045938735
1.5686162195940279
3.085327218213942
3.0852944356554075
1.1376951501006067
1.13281233701853
1.5118407025147322
1.5118407025147322
2.803344762724014
2.8082275758060904
4.148559766836138
4.148575860092146
0.7586667846044046
0.7586667846044046
4.665527601901006
4.665527601901006
0.15502901733267516
0.15502901733267516
4.136352734130947
4.146151738900153
1.4520262422592929
1.4410399128246203
1.5185545705025876
1.5185530803862906
1.2176512143196123
1.2176512143196123
3.6505128324643175
3.6505128324643175
4.644775646302181
4.644749420255353
1.6082762608857466
1.6082762608857466
1.5686034045938735
1.5686034045938735
3.085327218213942
3.0852935415856293
1.1376951501006067
1.1376951501006067
1.5118407025147322
1.5106199992442129
2.8082275758060904
2.8082275758060904
4.136352734130947
4.148594337534229
0.7641599493217408
0.7586667846044046
4.665527601901006
4.665563662715394
0.15502901733267516
0.15502901733267516
4.1461183602951
4.1461183602951
1.4410399128246203
1.4410542179410717
1.5185545705025876
1.5185545705025876
0.08117855562908138
0.08606136871115799
0.03662288625513144
0.03665298660433125
0.025636556820459067
0.025636556820459067
0.03418147971409313
0.03845185499809434
0.017701985562084577
0.017701985562084577
0.03471345123212943
0.04578531334225078
0.08422822764256344
0.08483857927782301
0.06347835820655323
0.0634762720437374
0.031129721537795252
0.03601253461987186
0.11474789556835852
0.11477799591755833
0.056764490218697894
0.056764490218697894
0.03479183134935271
0.042113964809651794
0.0451678091487655
0.04493892728554316
0.057985193489217046
0.05798310732640122
0.10559232301620503
0.10559232301620503
0.10498197138094545
0.10501266777666407
0.08606136871115799
0.08606136871115799
0.03662288625513144
0.03295869028075815
0.025636556820459067
0.02533138100282928
0.03418147971409313
0.034179393551277304
0.017701985562084577
0.017701985562084577
0.04577607462120925
0.04579783031914575
0.08483857927782301
0.08483857927782301
0.0634762720437374
0.0634762720437374
0.03601253461987186
0.03599405717778881
0.11474789556835852
0.11474580940554269
0.056764490218697894
0.056764490218697894
0.03479183134935271
0.0347983878610596
0.0451678091487655
0.0451678091487655
0.057985193489217046
0.0610348655026991
0.10559232301620503
0.10383756206483374
0.10498197138094545
0.10498018324138902
0.01281887445674812
0.017701687538825173
0.0640884118185534
0.06407291460906439
0.10498197138094545
0.10498197138094545
0.1031491283356103
0.1031491283356103
0.1354998511671841
0.13550193732999993
0.15320004858971226
0.15319796242689643
0.10742367594524316
0.11230648902732021
0.09643734651057079
0.09643526034775496
0.14221342113178048
0.14221342113178048
0.00793606137467151
0.007945002072453633
0.07385433600596603
0.07385433600596603
0.05737484185395747
0.05737484185395747
0.08605660033900753
0.08117855562908138
0.1251238733677713
0.12512178720495548
0.09399593996953248
0.09399593996953248
0.10437191776894528
0.10436536125723839
0.017701687538825173
0.017701687538825173
0.0640884118185534
0.0592058967597362
0.10500551521843837
0.10498197138094545
0.10315121449842612
0.1031491283356103
0.1354998511671841
0.1354998511671841
0.15320004858971226
0.1532185260317953
0.11230648902732021
0.11230648902732021
0.09948910468686867
0.09643734651057079
0.14221342113178048
0.14099271786126133
0.00793606137467151
0.007934273235115086
0.07385433600596603
0.07385433600596603
0.05737484185395747
0.05735874859794965
0.08606136871115799
0.08606136871115799
0.1251238733677713
0.1251235753445119
0.09402812648154812
0.09399593996953248
0.10437191776894528
0.10436983160612945
0.11352510613502353
0.11352510613502353
0.10498018324138902
0.10497183859012571
0.08422822764256344
0.08422822764256344
0.08605928254834216
0.07629574254700433
0.10375947997086987
0.10528535905901881
0.10498048126464843
0.10498018324138902
0.12145967739339802
0.12634249047547463
0.0762936563841885
0.07629574254700433
0.045165722985949674
0.045165722985949674
4.977417287518655
4.977430400542069
4.9108889592753595
4.9108889592753595
0.1055905348766486
0.09460420544197623
0.095826100805533
0.09582490871249538
0.14587374280378151
0.14587582896659734
0.10375947997086987
0.10375947997086987
0.19470187362454805
0.19470276769432626
0.11352510613502353
0.11352510613502353
0.09399385380671665
0.10498018324138902
0.0839993457793411
0.08422822764256344
0.0762936563841885
0.07629574254700433
0.10375947997086987
0.10375947997086987
0.10498048126464843
0.10500521719517897
0.12634249047547463
0.12634249047547463
0.07141084330211189
0.0762936563841885
0.045131450311118204
0.045165722985949674
4.977417287518655
4.977419373681471
4.9108889592753595
4.9108889592753595
0.09460420544197623
0.09462059672124346
0.09582490871249538
0.09582490871249538
0.14221163299222406
0.14587374280378151
0.10337801019883264
0.10375947997086987
0.19470187362454805
0.19470395978736388
4.931032649401742
4.931032649401742
4.956667418082645
4.956674272617612
0.0451678091487655
0.045165722985949674
0.12146176355621385
0.12634249047547463
0.17452450686985355
0.17456235582379787
0.2716079678068124
0.2716082658300718
0.38574372360035447
0.38574372360035447
0.5719009723545281
0.5718991842149717
0.9332291404282023
0.9332291404282023
1.5582295129572765
1.5683399520325603
2.36206261659415
2.36206261659415
3.569948502772868
3.5736106125844254
0.21232786325548458
0.22033872846826652
2.6049825674274643
2.6049804812646484
0.838014285327707
0.838014285327707
0.39795075630554644
0.3979176757237526
4.931032649401742
4.931032649401742
4.956667418082645
4.956678146919984
0.0451678091487655
0.0451678091487655
0.12634457663829046
0.12634249047547463
0.17456235582379787
0.17456235582379787
0.2716079678068124
0.27936402313280384
0.38574372360035447
0.38574372360035447
0.5706802690840089
0.5670184572957107
0.9362808986045001
0.9332291404282023
1.5582295129572765
1.5582274267944607
2.36206261659415
2.36206261659415
3.5736106125844254
3.5735736577002593
0.22033872846826652
0.22033872846826652
2.6000997543453876
2.6050040251021414
0.838014285327707
0.838014285327707
0.39795075630554644
0.39794896816599
3.765261026055935
3.765261026055935
3.961183900974262
3.961185987137078
1.988527415815284
1.988527415815284
4.343874376282022
4.343872290119206
3.0444357448143657
3.0444357448143657
2.2521972360846085
2.2521972360846085
1.704711819256761
1.7053221708920205
1.2744160025615696
1.2744145124452726
0.9716815914728154
0.9716815914728154
0.6597919058551676
0.6597898196923517
0.3698748791068649
0.3698748791068649
0.27163389583038056
0.2715880002484323
0.28015318872370587
0.28015110256089004
0.15258761079163685
0.15261055858261097
0.10498018324138902
0.10498018324138902
0.09338350217145708
0.09338350217145708
3.765261026055935
3.765261026055935
3.9701865875943407
3.961146350043577
1.988527415815284
2.001344800155735
4.343874376282022
4.343880038723951
3.0444357448143657
3.0444357448143657
2.2521972360846085
2.2521972360846085
1.7053221708920205
1.7053221708920205
1.2744106381429003
1.2744174926778666
0.9716815914728154
0.9716815914728154
0.6597919058551676
0.6598255824834802
0.3698748791068649
0.3698748791068649
0.2716082658300718
0.271606179667256
0.28015110256089004
0.28015110256089004
0.1617428853205305
0.152584034512524
0.10498018324138902
0.0903317439951592
0.08850068908938047
0.09340257566005894
0.08422822764256344
0.08422822764256344
0.06652803022003528
0.06652803022003528
4.958496386825608
4.958496386825608
0.1067924626818253
0.10678978047249066
0.20080747613995964
0.2008053899771438
0.1348874133691087
0.13487757860154836
0.08666963418360174
0.08666963418360174
0.04394501971543052
0.04394501971543052
-0.004883111105336013
-0.004883111105336013
0.056762404055882065
0.056736178009054505
0.08422822764256344
0.08422822764256344
0.07141084330211189
0.07934750072330266
0.08132905737508045
0.0799557661957464
0.11657686431132142
0.11657686431132142
0.03784150336283476
0.03784150336283476
0.07690400801944808
0.07691652499634305
0.08422822764256344
0.08422822764256344
0.06653011638285111
0.06652981835959171
4.95852529508177
4.958496386825608
0.10681123814716775
0.10681123814716775
0.2008053899771438
0.2008053899771438
0.1348874133691087
0.13491453348571447
0.08666963418360174
0.08666963418360174
0.042113964809651794
0.03906399477291034
-3.817677952966392E-4
-0.004883111105336013
0.056762404055882065
0.056762404055882065
0.08422822764256344
0.08422822764256344
0.08422822764256344
0.08420587589810813
0.08483857927782301
0.08484036741737944
0.1116940512292448
0.11657895047413724
0.03782332394401111
0.03295869028075815
0.07690400801944808
0.07690400801944808
0.13244809299088622
0.13244809299088622
0.11352719229783936
0.11350633066968108
0.15258761079163685
0.15258761079163685
0.12268038066391718
0.11291684066257979
0.09841890316234858
0.09399385380671665
0.06408662367899698
0.06408662367899698
0.06714046801811069
0.06714046801811069
0.07751644581752348
0.07751614779426408
0.07324368634744705
0.07324368634744705
0.14587582896659734
0.1458439404778411
0.13244779496762682
0.1324460068280704
0.12756527990880961
0.1324680605492663
0.025025907161940086
0.025025907161940086
4.97925013056399
4.97925042858725
0.048219269301804424
0.048219269301804424
0.07324398437070645
0.08330197135233552
0.13244809299088622
0.14404477406081861
0.11352719229783936
0.11352510613502353
0.16166659136612305
0.15258761079163685
0.11291475449976396
0.11291684066257979
0.09399385380671665
0.09399385380671665
0.06408662367899698
0.06409467030700089
0.06714046801811069
0.06713838185529486
0.07751644581752348
0.07748694151484248
0.07324368634744705
0.07324368634744705
0.14587582896659734
0.14587582896659734
0.13244779496762682
0.13244779496762682
0.13244809299088622
0.14395387696670037
0.025025907161940086
0.012208522821488543
4.97925013056399
4.979248342424434
0.04432827762702418
0.048219269301804424
0.07324398437070645
0.07324398437070645
3.6706565225906997
3.6706565225906997
2.936403505373419
2.936415426303795
1.9006367803379036
1.9006346941750878
0.7080096850406747
0.7080216059710509
3.8763450236731796
3.8763450236731796
1.3433836511830868
1.3433857373459026
2.6434347204488184
2.6434347204488184
2.2839376072809228
2.2768401833582144
2.77954104894889
2.77954104894889
0.49621736958233953
0.4934242955952044
0.9051532632295207
0.9002704501474441
3.7884543881957993
3.7884478316840924
4.332277695212089
4.332277695212089
4.538576547929829
4.538574461767013
0.7385251806408382
0.7385251806408382
4.312120296015775
4.312138475434598
3.670654436427884
3.665773709508623
2.936403505373419
2.936389498280227
1.9006367803379036
1.9006367803379036
0.7080096850406747
0.7080075988778589
3.8763450236731796
3.8763450236731796
1.3433836511830868
1.3530661288578665
2.6434347204488184
2.630617336108367
2.2839376072809228
2.2839647273975285
2.77954104894889
2.77954104894889
0.49621736958233953
0.4962155814427831
0.9051532632295207
0.9051532632295207
3.7884153471488173
3.7884263740094153
4.332277695212089
4.3273948821300126
4.538576547929829
4.538553898162114
0.7385251806408382
0.7385251806408382
4.312136091248523
4.312134005085707
0.3790280674729427
0.3790280674729427
0.5615232064155586
0.5715814914204469
0.8294675742945163
0.8197019481303629
1.1669920285930668
1.1669923266163262
1.6748045891290413
1.6748045891290413
2.4670410116959824
2.4670410116959824
3.452148551004952
3.452148551004952
4.761314661659558
4.761354894799577
1.6302489197550916
1.6302489197550916
4.323749461620982
4.323768237086324
3.366088970433351
3.3612061573512744
4.741213290836011
4.741212992812752
2.761230499891102
2.761230499891102
2.0190429114154473
2.019044997578263
4.801025664928635
4.801025664928635
3.357925517311754
3.36793999289751
0.3790280674729427
0.38024877074346186
0.5615232064155586
0.5615184380434082
0.8294675742945163
0.8294675742945163
1.1669920285930668
1.1669941147558827
1.6748045891290413
1.6748045891290413
2.467007633090929
2.467053826696137
3.452148551004952
3.452148551004952
4.761352808636762
4.7613653256136566
1.6302489197550916
1.6302489197550916
4.323732772318455
4.323732772318455
3.366088970433351
3.366088970433351
4.744875400647569
4.741174547812289
2.761230499891102
2.7502441704564298
2.0190429114154473
2.019067647345978
4.801025664928635
4.801025664928635
3.3679200253391297
3.3679200253391297
0.38635437325887345
0.38635437325887345
4.409767616959526
4.409754503936112
3.339233498481929
3.3343527715626684
1.3159199137592212
1.3159103770149203
2.3419210126305834
2.3419210126305834
0.11535824720361809
0.11535616104080226
4.067995437144689
4.067995437144689
0.5032367114110841
0.5059812076069363
4.711916412343552
4.711916412343552
1.3724537339751404
1.3757060618050172
0.9912128438011221
0.9936542503421606
1.3262958915586343
1.3262786062095888
1.22986033318762
1.22986033318762
2.5561541385834383
2.556152350443882
1.6394062804468013
1.6393985318420567
3.612673117241039
3.612686230264453
0.3863522870960576
0.38635437325887345
4.409792352890056
4.409758676261744
3.339235584644745
3.339235584644745
1.3159199137592212
1.3159178275964054
2.3419210126305834
2.3419210126305834
0.12230099705469577
0.1153221863892302
4.063722975697872
4.0631126240626125
0.5059832937697522
0.506013394118952
4.711916412343552
4.711916412343552
1.3757343740146606
1.3757322878518448
0.9936542503421606
0.9936572305747546
1.3262958915586343
1.3262896330701868
1.229858247024804
1.22986033318762
2.5561541385834383
2.5561344690483176
1.6394062804468013
1.6394062804468013
3.612673117241039
3.6126710310782233
0.12451352173251173
0.12451352173251173
0.10322542229001774
0.1068142183797618
1.7881395564245395E-6
-0.004881024942520185
4.917604913426031
4.917565872379049
