3.4454346830170968
2.429809561945148
2.4304199135804074
2.918701221788075
2.908935595623922
3.104248118906989
3.1109619868948446
3.7733460990603085
3.7756349176925323
1.5881346569221804
1.589965711827959
1.2268064888485062
1.2365721150126594
0.4943845265370044
0.4968259330780427
4.7644045668130595
4.773559841341953
3.2305909074057233
3.2305909074057233
0.8875272735985844
0.877075001844764
0.1562497206031943
0.1641842918615688
4.376754984468816
4.384155498046338
3.6224366572423765
3.6120606794429637
0.2099606645060379
0.21301242268233578
3.2989502905547967
3.2983336804310897
3.4460450346523563
3.4454346830170968
2.429809561945148
2.4304199135804074
2.90647600966406
2.904052782541845
3.104248118906989
3.1109619868948446
3.7750245660572728
3.7756349176925323
1.5881346569221804
1.589965711827959
1.2389372275992903
1.2365721150126594
0.49743628471330226
0.4968259330780427
4.761352808636762
4.773559841341953
3.2305909074057233
3.2305909074057233
0.8880613312794365
0.877075001844764
0.15441866569741558
0.16418578197786582
4.3830110887302265
4.384157584209154
3.6175538441603
3.6120606794429637
0.22396954583758655
0.21301242268233578
3.2989502905547967
3.298339938919537
2.935180715940084
2.924804738140671
2.4951171869179234
2.495727538553183
0.298843121390715
0.30151340979497565
0.887450979644177
0.8850095731031387
1.4710997308611549
1.4715574945875995
2.213745083063255
2.2143554346985144
1.4141844408731987
1.4044188147090453
0.09582490871249538
0.10556192464374581
2.6611328317085303
2.664184589884828
4.9884036169533275
4.970856007439615
3.981933770410272
3.9788820122339743
2.4829101542127314
2.4859619123890297
4.870682045302635
4.8590090702782955
3.3355713886703717
3.33801279521141
3.5833741525857628
3.5821534493152436
0.14467151697534542
0.1348874133691087
2.9283142600434138
2.9199219250585946
2.4951171869179234
2.495727538553183
0.30036900047886395
0.30151340979497565
0.887450979644177
0.8850095731031387
1.47094714295234
1.4715574945875995
2.213745083063255
2.201080286631618
1.4020537021224144
1.4141844408731987
0.09582490871249538
0.1055905348766486
2.663650532203976
2.664184589884828
4.9884036169533275
4.978637990789174
3.983764825316051
3.9916993965744254
2.487800119853034
2.4859619123890297
4.86007718564
4.8590090702782955
3.3355713886703717
3.33801279521141
3.5816193916343915
3.5821534493152436
0.14465303953326236
0.1348874133691087
4.644165294666921
4.656372327372113
3.699340963285084
3.6838532905403722
3.9839937071792733
3.9916993965744254
1.6204832935909383
1.6284178648493128
2.956619317128577
2.945556693739497
4.566650636988954
4.575805911517848
1.4733885494933783
1.4739989011286379
0.5365354462308223
0.5303952730173198
3.825683751783818
3.8262941034190776
1.3262577445814305
1.335449079924712
2.390212999607682
2.3846435409359383
1.4715574945875995
1.4642332749644846
1.0604093742858618
1.0614011956931586
0.33874485954581024
0.33874485954581024
0.5554196900629629
0.5554196900629629
1.7261504204452538
1.7163085003266931
4.655761975736853
4.656372327372113
3.699340963285084
3.6987306116498244
3.9924623361185
3.983764825316051
1.6204832935909383
1.6284178648493128
2.946777397010016
2.945556693739497
4.566613384081529
4.575805911517848
1.4722441401772666
1.4739989011286379
0.5364987893699156
0.5352780860993964
3.8356782598111936
3.8262941034190776
1.3262938053958184
1.335449079924712
2.388305650747496
2.389526354018015
1.4722441401772666
1.4642332749644846
1.0540769760700435
1.0614011956931586
0.33874485954581024
0.33874485954581024
0.5424497178136967
0.5554196900629629
1.7272948297613655
1.7163085003266931
1.8328877488240898
1.8408223200824643
0.1806274271759305
0.17089815984942414
2.1558379716680016
2.147218840982776
2.47925013056399
2.489626108363403
3.198776328417817
3.198242270736965
1.8115254415900042
1.814577199766302
3.8244651346761147
3.8336204092050084
4.597246598869157
4.585573623844818
4.155886072622069
4.168703456962521
1.1097736489502965
1.118165983935116
0.8959979887006269
0.8959979887006269
1.032716754998774
1.044313436068706
2.9956818217851904
2.995605527830783
1.9213866497739136
1.910400320339241
3.2391358302993574
3.239765553446478
2.731933621398642
2.731933621398642
1.8319701352083844
1.8359395070003877
0.1806637860135778
0.17089815984942414
2.1558400578308174
2.147218840982776
2.47925013056399
2.489626108363403
3.202514732183782
3.198242270736965
1.820375540301268
1.814577199766302
3.8366721673813067
3.8336204092050084
4.595339250008971
4.585573623844818
4.167559047646409
4.168703456962521
1.1218280937466734
1.1181638977723
0.8935565821595886
0.8960143799798941
1.0278339419166973
1.044313436068706
2.995758115739598
2.9907227147487063
1.9213866497739136
1.910400320339241
3.2495881020531776
3.239746181934617
2.731933621398642
2.731933621398642
1.8933104745519727
1.8939208261872322
4.754181176922462
4.743042259578974
0.625610128117815
0.6243894248472959
1.972045835500459
1.9787597034883144
3.6402131486193117
3.6309815801360106
0.09582490871249538
0.09399385380671665
2.050170844813686
2.0587172578236173
4.656372327372113
4.657593030642632
4.804077423104933
4.812584795067882
4.480591056417353
4.478149649876315
1.1163328428665211
1.1114500297844445
1.755981356618566
1.7639159278769407
2.9676056465632494
2.9736328689614377
0.9228513744892328
0.9100339901487815
3.729248193412804
3.7378694102608456
4.744873314484753
4.7528078857431275
1.8994139909045686
1.8939208261872322
4.745483666120013
4.743042259578974
0.6209561968989608
0.6243894248472959
1.972045835500459
1.9787597034883144
3.6309815801360106
3.631012276531729
0.09582490871249538
0.09399385380671665
2.0465087350021287
2.0587157677073202
4.656372327372113
4.657593030642632
4.802398956107969
4.812622345998567
4.480591056417353
4.467163320441642
1.122436359219117
1.1206815982677458
1.755981356618566
1.7639159278769407
2.9742432205966973
2.9736328689614377
0.9228513744892328
0.9149168032308583
3.7274171385070254
3.729248193412804
4.744873314484753
4.7528078857431275
2.8686523876967893
2.8771913501252353
4.224853721243587
4.226074424514106
3.5589600871753797
3.562622196986937
0.4571530767861698
0.4547116702451315
4.501877069697031
4.497680902204621
0.7086179505131185
0.7073972472425993
3.6505128324643175
3.659668106993211
0.546264415534069
0.5432126573577711
4.928589156697888
4.927902511108221
3.5308839119534388
3.5406495381175924
0.1513669075211177
0.1513669075211177
0.3662106831324916
0.37780736420242356
1.9602965665217122
1.9488524733605948
0.8160398383188054
0.8203122997656225
1.9219803121066465
1.9158934850565772
2.9754639238672165
2.964477594432544
2.8771973105904234
2.8771973105904234
4.224853721243587
4.226074424514106
3.564148076075086
3.562622196986937
0.4571530767861698
0.4565427251509102
4.487915276040468
4.484405754137725
0.7037351374310419
0.7122800603246762
3.6590577553579515
3.6517335357348366
0.546264415534069
0.5432126573577711
4.929352096241963
4.917602827263215
3.5308839119534388
3.5406495381175924
0.15256764323325678
0.1464840944390411
0.3662106831324916
0.37780736420242356
1.9543456380779312
1.9488524733605948
0.8160398383188054
0.8251951128476993
1.9224547651356179
1.920776298138654
2.9754639238672165
2.9724121656909186
2.3919677605590537
2.392349230331091
1.395873891815411
1.3928221336391131
4.403076398739385
4.400024640563087
0.8453367168112655
0.8392332004586698
1.2776182624838666
1.2762449713045325
1.569213756229133
1.560668833335499
3.218399073886761
3.228759852499944
4.20532246891528
4.198608600927424
4.461657340724152
4.45434593610119
3.306884861813171
3.2965088840137584
1.4324949899309862
1.4318846382957267
3.01391607688857
3.01391607688857
4.050140565650531
4.050293153559346
0.7611081911454429
0.7684324107685578
3.7723542776530117
3.7780763242335706
2.391357408923794
2.3785400245833426
2.388305650747496
2.3919677605590537
1.395873891815411
1.3928221336391131
4.403457868511422
4.400024640563087
0.8453367168112655
0.8392332004586698
1.2744514673294387
1.2762449713045325
1.569213756229133
1.560668833335499
3.2293702041352037
3.228759852499944
4.20532246891528
4.198608600927424
4.459610218955304
4.459228749183267
3.2916260709316814
3.2965088840137584
1.4330290476118384
1.4318846382957267
3.01391607688857
3.01391607688857
4.039306824124673
4.050293153559346
0.7690427624038174
0.7684324107685578
3.777084502826274
3.7780763242335706
2.391357408923794
2.3785400245833426
2.359653992611646
2.3712158049602277
0.6329343477409302
0.6341550510114493
4.696045183663986
4.686889909135092
1.4642332749644846
1.4703367913170804
1.9332885066614756
1.929931572667548
4.096679877839074
4.110107613814785
1.1988066075809727
1.196288907085527
4.204101765644761
4.2071535238210584
0.8987424848964793
0.8978269574435898
1.1322019853832703
1.1395262050063855
2.4798583960364335
2.4768066378601357
4.9768069358833955
4.987776576015541
3.288650606709791
3.289186750553459
0.8624265625985339
0.8569333978811977
4.755246014028312
4.754638940648906
0.535888437734656
0.5334470311936177
2.3626708820665936
2.3712158049602277
0.6329343477409302
0.6341550510114493
4.694900774347874
4.686889909135092
1.4733885494933783
1.4703367913170804
1.925735405175138
1.929931572667548
4.097900581109593
4.110107613814785
1.1895750390976714
1.196288907085527
4.204101765644761
4.207119847192746
0.9058378226563719
0.8978290436064056
1.1322019853832703
1.1395262050063855
2.4890458570773433
2.4768066378601357
4.9768069358833955
4.987793265318068
3.2781983349559707
3.289184664390643
0.8673093756806107
0.8569333978811977
4.7534945313327945
4.754638940648906
0.5236814050294645
0.5334470311936177
3.2608033133510723
3.268432708791817
0.690307401455331
0.690307401455331
4.157104689729772
4.157104689729772
0.6219480183062576
0.6317136444704108
0.33943150513547726
0.3375241562752911
1.157836754064173
1.1499021828057985
4.80224845436197
4.809570587822269
3.8525392237352403
3.8446046524768653
2.086791942929261
2.0953368658228952
2.6031494263588697
2.593994151829976
4.1870882138119
4.185180864951714
3.755493313728966
3.753662258823187
1.344604354453606
1.3459013516785325
2.6062011845351676
2.605590832899908
0.3839108805550193
0.3985593198012496
0.04699677789172885
0.03601044845705603
3.269119354381484
3.268432708791817
0.6903094876181468
0.6854245883732544
4.167480667529186
4.1571309157766
0.6219480183062576
0.6317136444704108
0.3265378268406183
0.3375241562752911
1.157836754064173
1.1499021828057985
4.812088288317715
4.809570587822269
3.8525392237352403
3.8568116851820573
2.0947265141876357
2.094421338370006
2.598266613276793
2.593994151829976
4.185791216586973
4.185180864951714
3.755493313728966
3.745117335929553
1.3550566262074264
1.356201035523538
2.6062011845351676
2.6007080198178314
0.3894040452723555
0.39855753166169317
0.042113964809651794
0.03601044845705603
4.8706057513482275
4.860229773548815
4.469604726982681
4.469604726982681
4.968338306944169
4.95605498028457
3.8818361022277
3.8885499702155553
4.246826380112932
4.23103353155059
0.11779756758184057
0.12329073229917675
4.168091019164446
4.157715041365032
3.825683751783818
3.8262941034190776
0.21018954636926024
0.21118136777655705
2.2424316099204553
2.251586884449349
1.5594481300649798
1.570418068220385
0.5157468337710898
0.5163571854063493
3.137817458846266
3.151245194821977
3.307495213448431
3.3062745101779116
2.8104401004839064
2.811889685617648
1.4642332749644846
1.4642332749644846
4.860840125184074
4.870453163439413
4.469604726982681
4.469604726982681
4.951782518837752
4.95605498028457
3.8818361022277
3.8836671571334787
4.244537561480708
4.243774621936634
0.12268038066391718
0.12329281846199258
4.165649612623407
4.157679576597163
3.8208009387017414
3.8262941034190776
0.2148434775881145
0.21118136777655705
2.2424316099204553
2.251586884449349
1.559295542156165
1.5704344594996522
0.5157468337710898
0.5072019108774555
3.1536866013630154
3.1378937528006734
3.302612400366354
3.3062745101779116
2.810058630711869
2.811889685617648
1.4642332749644846
1.4703367913170804
1.7382048652416306
1.7437743239133745
1.2359617633773998
1.239625959351773
3.7359620614006595
3.7359465641911704
1.0162351746839493
1.022338691036545
3.850708168829461
3.854370278641019
3.893432783297632
3.8818361022277
1.1483763037176493
1.1602781606052113
1.726684478126106
1.7175292035972123
2.2055053359872505
2.203979456899101
2.711792017435076
2.722167995234489
0.328979233381657
0.3404996204971815
1.2396238731889573
1.2377928182831786
2.157592732619373
2.144775348278922
4.781494412600328
4.781494412600328
2.856903118718042
2.8479004320979633
3.6682151160496614
3.666381974981067
1.737046448832327
1.7437743239133745
1.2359617633773998
1.2396238731889573
3.7371827646711786
3.7359620614006595
1.021117987766026
1.022338691036545
3.8531495753705
3.854370278641019
3.893432783297632
3.889160321850815
1.157836754064173
1.1573026963833208
1.726684478126106
1.7156981486914336
2.2143554346985144
2.203979456899101
2.711792017435076
2.7215576435992292
0.331191758059473
0.34118626608684854
1.239625959351773
1.2377928182831786
2.1465688522540156
2.144775348278922
4.781494412600328
4.781494412600328
2.8564453549915974
2.8479004320979633
3.6682130298868456
3.6712647880631435
2.5571441718511787
2.5671386798785543
3.680420062592037
3.6767579527804797
1.420898308861054
1.4220427181771658
4.547119384660648
4.546509033025387
3.9251710683311307
3.923340013425352
1.9116210236097602
1.9195555948681349
1.1996458410794546
1.1865232809213735
2.8271484764991373
2.832641641216474
0.7019803764796706
0.7122800603246762
0.5169675370416089
0.5041501527011576
3.842744391291665
3.8519288720999807
0.18493624746039483
0.18188448928409695
3.9251731544939465
3.931887022481802
0.27954075092563047
0.27221653130251555
2.848358195824408
2.8601074648031553
0.8355710906471121
0.8380124971881506
2.561645515161218
2.5671386798785543
3.680420062592037
3.679199359321518
1.4215086604963136
1.4221190121315732
4.547119384660648
4.546509033025387
3.9253236562399456
3.923340013425352
1.9116210236097602
1.9195555948681349
1.1864851339441698
1.1816404678392969
2.8271484764991373
2.8375244542985505
0.7122800603246762
0.7122800603246762
0.5169675370416089
0.5041501527011576
3.8439943008416058
3.8568116851820573
0.16784640167312626
0.17700167620202034
3.928835264305504
3.9270042093997253
0.27954075092563047
0.27221653130251555
2.846679728827444
2.8601074648031553
0.8483884749875634
0.8380124971881506
2.225036588315557
2.2357177419326
4.423218002702952
4.40979026672724
4.126013413192441
4.124145701425755
2.4493408142734543
2.4493408142734543
3.104248118906989
3.1030274156364697
1.5600584817002394
1.560668833335499
4.118347360890789
4.125976756331534
0.25268527897420867
0.25024387243317037
0.8477781233523038
0.8477781233523038
4.51416039635663
4.512329341450851
1.3404844809156038
1.3555906838882785
2.6446533375565218
2.6434326342860026
0.14526339116852194
0.1348874133691087
2.693483554540104
2.7044385915325395
3.640672998508572
3.641359644098239
4.481201408052613
4.481201408052613
2.2326743284075654
2.2357177419326
4.423218002702952
4.40979026672724
4.119873239978938
4.129028514507832
2.4493408142734543
2.4493408142734543
3.1133270994814755
3.1030274156364697
1.5624998882412777
1.560668833335499
4.11354084176312
4.121093943249457
0.25878879532680443
0.25024387243317037
0.8349607390118525
0.8477781233523038
4.519653561073966
4.517198147439736
1.3551329201618338
1.3555927700510944
2.6397705244744447
2.6434326342860026
0.1330736438123754
0.1300046002870321
2.693483554540104
2.704469883974777
3.638918237557201
3.641359644098239
4.481201408052613
4.481201408052613
0.711059357054157
0.700683379254744
4.772339138071434
4.773559841341953
0.7868192537807528
0.7885740147321241
3.4252930790535308
3.4149171012541175
1.0894794570779154
1.1016864897831071
1.160280246768027
1.1480636773185344
0.5142209546829408
0.5035415892054544
1.2017820718028631
1.2072752365201993
0.15212984706519217
0.16479464349682837
4.891357706947053
4.887695597135496
4.156646926003328
4.159546096270811
2.0892333494702995
2.086791942929261
3.328249255210072
3.3276389035748126
1.745607464981969
1.7430134705321159
0.8965299602186632
0.9075925836077432
4.235840050678259
4.243164270301374
0.7073209532881919
0.700683379254744
4.76318386354254
4.773559841341953
0.7873533114616049
0.7885740147321241
3.4252930790535308
3.4149501818359114
1.10069466837581
1.1016844036202913
1.1553974336859505
1.1480732140628354
0.5113980783698653
0.503539801065898
1.2066648848849397
1.2072752365201993
0.16113253368527092
0.16479464349682837
4.891357706947053
4.88517789664005
4.1576387474106244
4.163208206082368
2.0892333494702995
2.086791942929261
3.3213065053589945
3.3276389035748126
1.745607464981969
1.74438676171145
0.8953855509025515
0.895995902537811
4.235840050678259
4.243131785766099
1.4410399128246203
1.4440916710009182
1.3073729047027713
1.304931498161733
4.821548738664238
4.832153598326874
2.0977782723639335
2.0953368658228952
4.929809859968407
4.919433882168994
1.8920897712814535
1.8855284912024128
3.5712434138349787
3.574218878056869
0.27526828947881343
0.2709958280319964
2.21328731933681
2.213745083063255
1.0528562727995243
1.0516355695290052
0.22285434280089644
0.2124020710470762
-0.0024417045642977087
0.008544624870374662
0.5841062169201632
0.5810544587438653
0.34668926557174506
0.3472897824394443
1.7083760152311345
1.7065428741625397
2.0581054160720607
2.056274361166282
1.4402769732805458
1.4440916710009182
1.3073729047027713
1.304931498161733
4.819336213986422
4.832153598326874
2.0977782723639335
2.0974730965463038
4.930343917649259
4.919433882168994
1.8920897712814535
1.9036864523513857
3.5694886528836074
3.5809327460447244
0.28015110256089004
0.2709958280319964
2.2021484019933224
2.2052001601696207
1.0528857771022053
1.0467527564469286
0.21194430732063152
0.2075192579649996
-0.0024417045642977087
0.008544624870374662
0.58151222247031
0.5810544587438653
0.34667943080418473
0.3472897824394443
1.6979979512689054
1.7065428741625397
2.0581054160720607
2.058639473752913
2.3703765714617457
2.3547363108082187
2.1087646017986064
2.1087646017986064
3.8432313612975313
3.8531495753705
4.692993425487688
4.685058854229314
2.2045898085343607
2.20642086344014
2.2650453168207783
2.2607421589782426
0.33927891722666237
0.3253171235700991
0.9161375065013775
0.9265134843007903
0.6791684841118435
0.6848142367379948
1.7639159278769407
1.7529295984422681
0.183257780463431
0.17456026966098204
0.643310325540343
0.6426999739050834
2.3138427512458266
2.310180641434269
2.9450226360586447
2.9577637264446888
1.0443113499058903
1.0333250204712177
4.490358768744322
4.490969120379582
2.3706817472793755
2.3626708820665936
2.1087646017986064
2.1087646017986064
3.8427735975710866
3.8531495753705
4.692955576533744
4.685058854229314
2.2023772838565447
2.201538050358063
2.2650146204250596
2.2607421589782426
0.33943150513547726
0.3301999366521762
0.9161375065013775
0.9265134843007903
0.6805417752911778
0.6896970498200714
1.753921419849565
1.7529295984422681
0.18188448928409695
0.17456026966098204
0.643310325540343
0.6426999739050834
2.3120879902944553
2.310180641434269
2.9547119682683904
2.9577637264446888
1.0424802950001115
1.0333250204712177
4.490343271534833
4.490969120379582
3.729934839002471
3.7298585450480637
2.830810586310695
2.83813480593381
4.556885010824801
4.5574953624600605
3.4441779189321897
3.435058705217684
0.8764646502095044
0.8843992214678791
1.6656514007629633
1.651613313151993
1.109010709406222
1.1199970388408946
3.2293722902980195
3.2208392883347616
4.126589194129609
4.118044271235975
3.453941458933527
3.4649659353454036
1.8238087682496031
1.8139647619682266
4.802246368199154
4.811401642728048
2.1656798917865623
2.1655273038777474
2.7905273783835622
2.801513707818235
1.6748045891290413
1.687011621834233
0.9839628319695988
0.9735105602157783
3.723144677060208
3.7298585450480637
2.8314209379459547
2.83813480593381
4.548416381885574
4.5574953624600605
3.4442139797465776
3.435058705217684
0.8850095731031387
0.8843610744906754
1.6656514007629633
1.65588577459881
1.1206836844305617
1.1199970388408946
3.2293722902980195
3.2208273674043855
4.117510213555123
4.118044271235975
3.453979605910731
3.4649659353454036
1.8145751136034862
1.8139647619682266
4.812088288317715
4.811401642728048
2.158813435889892
2.1655273038777474
2.7905273783835622
2.801513707818235
1.6770171138068575
1.687011621834233
0.9838865380151913
0.9735105602157783
0.3662106831324916
0.36800508117736364
2.7508545220916893
2.7520752253622085
4.733965365167304
4.722900655615408
2.2033691052638416
2.203979456899101
0.8963010783554408
0.9051511770667049
2.037963812108494
2.02941888921486
0.2014157416124034
0.19042941217773102
2.058181710026468
2.0465087350021287
2.9861450774842595
2.9974365827365617
1.776733312217392
1.784057531840507
2.9956818217851904
2.9846191983961106
0.01586884449349002
0.0189206026697879
3.9813234187750126
3.9904786933039063
3.6193848990660786
3.6096192729019254
2.3817443706684553
2.3797607278538617
2.9656982977030633
2.9669190009735824
0.377779648039299
0.36804173803827034
2.7508545220916893
2.7520752253622085
4.724731710521187
4.722900655615408
2.2033691052638416
2.203979456899101
0.9038541798417783
0.9051511770667049
2.023925724497524
2.02941888921486
0.20271273883733
0.19042941217773102
2.045898383366869
2.0465087350021287
2.9949951761955234
2.9974365827365617
1.7864989383815453
1.784057531840507
2.984542904441703
2.9846191983961106
0.01586884449349002
0.0189206026697879
3.992321669140061
3.9904786933039063
3.6193848990660786
3.6096192729019254
2.380981431124381
2.3797607278538617
2.9656982977030633
2.9669190009735824
4.429702988827585
4.431762925596586
4.842529576126287
4.851074499019921
1.9020842793088293
1.8908690680109344
4.3908693660341935
4.391479717669453
1.434326044836765
1.4318846382957267
3.736572413035919
3.728027490142285
2.8099060428030542
2.8210449601465415
3.3679200253391297
3.3502198279166016
4.61669947108024
4.6063234932808275
0.22644015865804645
0.23254367501064221
3.842849891525494
3.8458253557473845
3.1817627765849563
3.1811524249496967
0.6341550510114493
0.6219480183062576
1.0125730648723918
1.0224149849909525
2.2714233125952856
2.272338840048175
4.79187039039974
4.790649687129221
4.429931870690807
4.431762925596586
4.841919224491027
4.851074499019921
1.891479419646194
1.8908690680109344
4.3908693660341935
4.3914615382506295
1.4344786327455799
1.4318846382957267
3.7316895999538424
3.728027490142285
2.8062439329914968
2.8210449601465415
3.3679200253391297
3.355102640998678
4.618530525986019
4.6063234932808275
0.23132297174012306
0.23063632615045604
3.8432313612975313
3.8458253557473845
3.1829834798554755
3.1811524249496967
0.6172940870874033
0.6219480183062576
1.0125730648723918
1.0125730648723918
2.273559543318694
2.272338840048175
4.79187039039974
4.790634189919732
2.6911163557906574
2.7020263912709224
1.7449950271838937
1.7346190493844806
1.86439506583155
1.8627928927889934
1.2377928182831786
1.2261961372132464
3.4252951652163466
3.4252951652163466
0.3002927065244565
0.288848613363339
2.2029134277002127
2.2125264659555515
4.17602559042282
4.17663594205808
4.794082915077556
4.776611599518251
0.7958982343552392
0.8068845637899118
3.1598664116700186
3.169555743879765
0.20080747613995964
0.20385923431625796
3.374633893326985
3.3752442449622446
1.9689940773241612
1.9812312103785528
2.6148224013832095
2.6129150525230234
4.815063752539605
4.819946565621682
2.7028656247694043
2.7020263912709224
1.7449950271838937
1.7346190493844806
1.8524169149895804
1.8627928927889934
1.2377928182831786
1.2258909613956166
3.4140799539184514
3.408205319429078
0.3002927065244565
0.29907200325393735
2.214510108770145
2.2125264659555515
4.185180864951714
4.17663594205808
4.780273709329808
4.780273709329808
0.7958982343552392
0.8069176443717057
3.170089801560617
3.169555743879765
0.20080747613995964
0.20385923431625796
3.3863068683513244
3.3752442449622446
1.9689940773241612
1.981201110029353
2.6129150525230234
2.6129150525230234
4.819946565621682
4.825897494065463
3.228073206910277
3.212890709983195
1.8359374208375718
1.8316649593907546
0.1636523203435325
0.16113461984808675
0.2978512999834182
0.3021237614302352
1.972045835500459
1.9799804067588336
4.323730686155639
4.321305968917128
2.606277478489575
2.595825206735755
1.2481687960825916
1.256103367340966
0.24177524349394375
0.2416989495395363
4.684448502594054
4.682617447688275
4.119644358115716
4.119873239978938
3.5534669224580435
3.5522462191875244
2.704467797811961
2.702636742906182
0.6323612490130959
0.6237790732120363
1.5113066448338799
1.5106199992442129
3.5693360649747925
3.5736085264216095
3.216476525840345
3.227539149229425
1.8408202339196484
1.8316649593907546
0.16174497148334632
0.16113461984808675
0.2978167292853273
0.3021237614302352
1.9800587868760569
1.975097593676757
4.323730686155639
4.321289279614601
2.594299327647606
2.595825206735755
1.2481687960825916
1.256103367340966
0.2331540266459018
0.23132297174012306
4.684448502594054
4.694900774347874
4.12849445682698
4.118652536708419
3.5534669224580435
3.5522462191875244
2.6926422348788064
2.702636742906182
0.6323239961056704
0.6237790732120363
1.5130614057852514
1.499023318174281
3.5693065606721115
3.5736085264216095
0.3199023389699862
0.31127903595912887
0.9948728674498639
1.003417790343498
0.1132962242718012
0.11535616104080226
2.634887711392368
2.6452636891917813
2.5067138679878553
2.5067138679878553
1.5106199992442129
1.5113066448338799
3.8159944195740723
3.811645664172848
3.4356690568529435
3.442382924840799
2.2150420802881814
2.1990966438170245
1.7547606533480469
1.7565917082538256
1.980209288622056
1.9689940773241612
4.371338113705887
4.373779520246925
2.801513707818235
2.792358433289341
1.0434721164074083
1.0406492400943328
2.2441863708718266
2.2424316099204553
4.898681926570168
4.900512981475947
0.30998203873420227
0.31127903595912887
0.9948728674498639
1.003417790343498
0.1245114355696959
0.11535616104080226
2.638931290975963
2.6452636891917813
2.4920654287416255
2.5018310549057787
1.5106199992442129
1.5118407025147322
3.8174440047078138
3.806762851090771
3.4356690568529435
3.442382924840799
2.2021484019933224
2.203979456899101
1.7547788327668705
1.7565917082538256
1.9716643657284219
1.9689940773241612
4.371338113705887
4.373779520246925
2.80166629572705
2.792358433289341
1.0345457237417368
1.0406492400943328
2.2534179393551277
2.2424316099204553
4.89891080843339
4.900512981475947
0.308227277782831
0.3100583326886097
4.587402592587781
4.5947268122108955
2.1961974735495415
2.194213830734948
1.920776298138654
1.9122313752450197
1.9909667361935064
1.9909667361935064
1.9909697164261004
1.9860839231114296
3.160476763305278
3.1561280079040537
3.0438233070162903
3.0554199880862223
1.8316649593907546
1.8347167175670527
3.5339356701297366
3.5339356701297366
3.142089920293083
3.1396485137520447
1.0107420099666131
1.024169745942324
2.899780321095028
2.8900146949308745
3.304596043180948
3.3081055650836904
4.607544196551347
4.616089119444981
1.58874500855744
1.578369030758027
0.31013462664301716
0.3100583326886097
4.587402592587781
4.5947268122108955
2.1948241823702075
2.194195353292865
1.9158934850565772
1.9122313752450197
1.9848632198409104
1.9909667361935064
1.9909667361935064
1.9909667361935064
3.1720734443752105
3.1610108209861303
3.0438233070162903
3.041992252110511
1.844482343731206
1.8347167175670527
3.5381318376221462
3.5339356701297366
3.153076249727756
3.1396485137520447
1.0107420099666131
1.024169745942324
2.897567796417212
2.8900146949308745
3.300170993825316
3.3081055650836904
4.618530525986019
4.616051568514296
1.5838621954753633
1.578369030758027
4.389648662763674
4.400634992198347
4.888916300406015
4.879761025877121
4.351196509742321
4.363403542447513
2.5079345712583745
2.5024414065410383
2.664794941520088
2.664184589884828
3.9294435297779478
3.9208986068843137
3.3978272554668494
3.406982529995743
4.539795165037532
4.539184813402272
4.687500260770352
4.682617447688275
1.2646482902346003
1.2658689935051195
0.16395540999834646
0.15197725915637728
0.8160398383188054
0.8245847612124397
3.231201259040983
3.2220450904423106
2.4407958913798202
2.448120111002935
1.2585447738820046
1.2463377411768128
1.363525255146653
1.3623045518761339
4.402084577332088
4.400634992198347
4.888916300406015
4.875488564430304
4.360962135906474
4.346542578523467
2.5079345712583745
2.5061035163525958
2.6611328317085303
2.664184589884828
3.933715991224765
3.9208986068843137
3.3950806731081813
3.406982529995743
4.539795165037532
4.539186899565088
4.694824480393467
4.682587645362335
1.2597654771525237
1.2658689935051195
0.153808314062156
0.15197725915637728
0.8160398383188054
0.8190915964951033
3.231735316721835
3.222045984512089
2.4407958913798202
2.442626946285599
1.2457273895415533
1.2463377411768128
1.363525255146653
1.3623045518761339
1.0528562727995243
1.046142404811669
2.363281233701853
2.362060530431334
1.5808104372990652
1.589965711827959
0.5694577776739331
0.5731198874854908
2.5653076249727755
2.564697273337516
2.38967894192683
2.3797607278538617
2.3602294755255553
2.359008772255036
1.4605732513157428
1.4709492291151558
0.05691707812751279
0.05493134915010334
0.3088397155809064
0.31982604501557876
1.9789906715143526
1.9702168667574962
4.450685912452449
4.44824450591141
4.859621508076371
4.86084221134689
2.0483418760707233
2.043459062988646
4.312286592994522
4.30847189527415
0.701906168688079
0.7012958170528194
1.0612486077843437
1.0595701407873799
2.3681640467839298
2.362060530431334
1.5905760634632187
1.589965711827959
0.5743316500582278
0.568237074403414
2.557907111395253
2.564697273337516
2.3889160023827554
2.3797607278538617
2.368850692373597
2.359008772255036
1.4605732513157428
1.4709492291151558
0.06714046801811069
0.054933435312919165
0.3088397155809064
0.3070849546295351
1.968996163486977
1.9726582732985345
4.450685912452449
4.44824450591141
4.869081958422894
4.86084221134689
2.0483418760707233
2.057497150599617
4.312744356720967
4.315185763262005
0.7018894793855524
0.7012958170528194
4.48814415790369
4.491577385852025
2.6312256015808106
2.633667008121849
1.3142393605994416
1.307983256338031
0.8587644527869764
0.8563230462459381
3.085327218213942
3.0828858116729037
3.0047608023596766
3.0032349232715276
3.003616393043565
3.0102539670770128
4.393921124210491
4.393921124210491
2.4321746745317787
2.446899407732416
3.9312745846837265
3.933715991224765
0.844726365176006
0.8477781233523038
1.9219970014091732
1.9128616944386594
3.150177079460273
3.1536866013630154
1.1956785554502674
1.1907957423681905
0.63323952355856
0.6243894248472959
0.8587644527869764
0.8569333978811977
4.490967034216766
4.491577385852025
2.6361084146628873
2.6423645189242984
1.3142393605994416
1.307983256338031
0.8605955076927552
0.8563230462459381
3.0800629353598277
3.0828858116729037
3.0047608023596766
3.005371153994936
3.0163574834296085
3.007202208900715
4.393921124210491
4.3939440720014655
2.4465179379603788
2.446899407732416
3.92639177160165
3.933715991224765
0.8354947966927047
0.8477781233523038
1.9219970014091732
1.9128417268802793
3.1402588653873043
3.1536866013630154
1.200561368532344
1.1965940829031567
0.6301877653822618
0.6329343477409302
0.8587644527869764
0.8569333978811977
1.6156025666716776
1.6204853797537542
0.546264415534069
0.5560300416982225
4.165651698786223
4.1595481824336265
4.862671180089853
4.862699194276237
3.4036255960018154
3.3978272554668494
2.006225527074996
2.0098876368865533
3.9002992391943025
3.905639816002824
0.9173582097718966
0.924072077759752
2.817688026152614
2.8082275758060904
4.234008995772481
4.243774621936634
3.111572338530104
3.1127930418006233
4.147949415200879
4.133606151772279
0.9959409828115682
0.9887693510972679
0.44921850552779485
0.4547116702451315
0.6106565130539552
0.6042478208837296
3.651123184099577
3.6480714259232787
1.6259785444710904
1.6204853797537542
0.5462733562318511
0.5511472286161456
4.156114954485291
4.159546096270811
4.857788367007776
4.862671180089853
3.4036255960018154
3.3978272554668494
2.0111083401570724
2.0098876368865533
3.9154054421669775
3.905639816002824
0.9173582097718966
0.9126279845986347
2.8076935181252383
2.8192139052407628
4.234008995772481
4.243774621936634
3.110656811077215
3.1127930418006233
4.147949415200879
4.135742382495687
0.9930418125440852
1.0009763838024597
0.4541078751215788
0.44982885716305443
0.6039426450660998
0.6042478208837296
3.651123184099577
3.6480714259232787
0.7473773655149181
0.7507342995088457
4.871826454618747
4.8590090702782955
0.4376218244578629
0.42663549502319054
2.7703857744199962
2.769317659058292
3.631210461999233
3.627319470324453
4.979858694059693
4.978027639153915
1.5286253724843708
1.5301512515725197
3.9129640356259388
3.9044191127323047
2.0831298331177037
2.085571239658742
1.1480711279000195
1.14746077626476
0.4943845265370044
0.4864499552786299
1.2677215060855753
1.2677000484108982
2.1340941946618788
2.1197509312332787
3.804321444549733
3.817138828890184
3.7847138982670185
3.7872315987624643
1.013793768142911
1.0113523616018727
0.7391376184389136
0.7507342995088457
4.868469520624819
4.8590090702782955
0.4348752420991948
0.43090795647000757
2.7703857744199962
2.7813721038546686
3.6299134647743063
3.6322022834065297
4.979858694059693
4.978027639153915
1.519775273773107
1.5301512515725197
3.9129851952773564
3.9044191127323047
2.0950316900052655
2.0806884265766654
1.1480711279000195
1.14746077626476
0.48820471623000117
0.4864499552786299
1.2677000484108982
1.2677000484108982
2.1362304253852873
2.1246337443153553
3.8137818948962563
3.817138828890184
3.79425064256795
3.7799073791393494
1.013793768142911
1.0113523616018727
3.493805050111419
3.5046387916372765
4.129638866143091
4.116211130167381
0.7098386537836376
0.6994626759842248
3.9026077273616466
3.9019777061912664
0.3958148236053973
0.39245580344865383
0.33874485954581024
0.34118626608684854
4.087602983427404
4.091188799284554
0.6341571371742651
0.6243915110101117
2.739565103002203
2.741090982090352
1.6082762608857466
1.5979002830863336
2.7697754227847367
2.7697754227847367
4.489746330946247
4.487304924405208
4.427490464149769
4.433593980502365
0.14160128135696448
0.13366671009858955
2.0364379330203453
2.028198185944341
4.17663594205808
4.174806973315117
3.5046387916372765
3.5046113734974114
4.129638866143091
4.116211130167381
0.7019803764796706
0.6994626759842248
3.902588057826526
3.9019777061912664
0.3958127374425815
0.39733861653073044
0.33874485954581024
0.34118626608684854
4.0875266894729965
4.091188799284554
0.6230182198307777
0.6243915110101117
2.7264425428441217
2.7362081690082753
1.6082762608857466
1.5979002830863336
2.7786255214960005
2.7697754227847367
4.4885256276757275
4.487307010568024
4.429931870690807
4.438472919282069
0.14160128135696448
0.13366671009858955
2.030258122713342
2.0233153728622644
4.17663594205808
4.174804887152301
4.0676881751642435
4.067993350981873
3.7750245660572728
3.7658692915283787
0.1641842918615688
0.15319796242689643
2.164916952242488
2.1636962489719687
2.022705021227005
2.039794867014273
0.4772946807497358
0.4742429225734379
2.9739380447790675
2.9742432205966973
4.790649687129221
4.782717202033663
0.9371946379178331
0.9356687588296841
1.7169188519619527
1.7144774454209144
2.079467723306146
2.0666714986171124
2.4768066378601357
2.4768066378601357
2.666015644790607
2.670898457872684
4.233398644137221
4.237671105584038
2.721862819416859
2.713012720705595
1.4630125716939655
1.4587401102471482
4.067993350981873
4.0676881751642435
3.7750245660572728
3.7658692915283787
0.16479464349682837
0.15319796242689643
2.164916952242488
2.1636962489719687
2.028732243625193
2.039794867014273
0.4772946807497358
0.4742429225734379
2.967529352608842
2.9742640822248556
4.790649687129221
4.782715115870847
0.9442136817233182
0.9356687588296841
1.7169188519619527
1.7144774454209144
2.0679473361906213
2.0666503389656947
2.4768066378601357
2.4810790993069527
2.6849365454836542
2.680969259854467
4.233398644137221
4.237671105584038
2.72033694032871
2.713012720705595
1.4630125716939655
1.462402220058706
0.21446200781607727
0.2203366423054507
0.0445553713506901
0.037231151727575185
1.5130614057852514
1.5130819693901503
2.35290525590244
2.35290525590244
3.4210206176067137
3.4259034306887903
3.5821534493152436
3.5809327460447244
3.103790355180544
3.1048584705422484
0.7025144341605227
0.6939695112668884
1.8606566620655849
1.8548583215306187
0.40954564923592196
0.4064938910596241
0.42602514338793096
0.4321286597405267
3.634643689947568
3.6297608768654914
0.4254147917526714
0.42602514338793096
3.7854005438566856
3.79394546675032
3.4817506053150424
3.48510753930897
2.7429217389728713
2.7252197534107867
0.222778048846489
0.22034290079389818
0.03967255826861349
0.037231151727575185
1.5020750763505788
1.5130614057852514
2.35290525590244
2.35290525590244
3.4231568483301222
3.4259034306887903
3.5821534493152436
3.568725713339533
3.1005860090954314
3.109130931989066
0.7025144341605227
0.7000730276194844
1.8646239476947724
1.8548583215306187
0.40954564923592196
0.4089352976006624
0.4348752420991948
0.43640112118734375
3.639528291169201
3.6297608768654914
0.43884252772838206
0.426059118039503
3.7854005438566856
3.79394546675032
3.477172968050595
3.48510753930897
2.742919950833315
2.7301025664928633
2.5247192412280133
2.5244140654103835
0.2783200476551113
0.2661130149499198
4.256592006277085
4.262619228675273
1.054687327705303
1.0522459211642647
1.3793943976634022
1.38305650747496
3.0432129553810308
3.056030339721482
4.966125782266353
4.958496386825608
3.2397482680974328
3.240966885205136
4.868316932716004
4.8706057513482275
4.55810571409532
4.553833252648503
1.5808310009039641
1.5893553601926995
1.0815427996567248
1.0797117447509461
4.771728786436174
4.774780544612472
0.4779050323849954
0.47546362584395707
3.5926820150234717
3.5931397787499164
2.2229003575921484
2.2241210608626676
2.5170898457872686
2.5247192412280133
0.2783200476551113
0.2703854763967368
4.265136929170719
4.262695522629681
1.0595701407873799
1.0522459211642647
1.3964079494962631
1.38305650747496
3.0432129553810308
3.056030339721482
4.956682915292134
4.958496386825608
3.239746181934617
3.240966885205136
4.860840125184074
4.8706057513482275
4.55810571409532
4.55871606573058
1.589431654147107
1.5893553601926995
1.0675047120457544
1.0748289316688695
4.765014918448319
4.770813258983285
0.4779050323849954
0.47546362584395707
3.599243295102512
3.5931397787499164
2.2259521157684463
2.2241210608626676
0.825652876574144
0.816650189954065
4.135132030860428
4.141845898848283
4.38110373987004
4.373779520246925
1.5612621976449725
1.5600584817002394
1.7749022573116133
1.7742919056763538
2.301635718540635
2.3028564218111542
2.701416039635663
2.6916504134715096
0.7189939283125315
0.731181589505862
0.31127903595912887
0.31127903595912887
1.502699137055771
1.5026854279858384
4.539718871083124
4.526977780697081
3.4527589026402117
3.463134880439625
4.634552256411583
4.624634042338615
2.2418212582851957
2.251586884449349
3.4637452320748845
3.4527589026402117
0.9011838914375176
0.8941648476320323
0.8178708932245842
0.816650189954065
4.136963085766206
4.1467287119303595
4.380340800325966
4.373779520246925
1.5612791849707586
1.5600605678630552
1.7822264769347282
1.7742549507921876
2.2967529054585585
2.3107909930695287
2.704467797811961
2.6916504134715096
0.7189939283125315
0.7312009610177232
0.31776402208376187
0.31127903595912887
1.5026854279858384
1.5026854279858384
4.539184813402272
4.526977780697081
3.466415520479145
3.463134880439625
4.628296152150172
4.624634042338615
2.2418212582851957
2.251586884449349
3.4622193529867356
3.4527589026402117
0.8941648476320323
0.8941669337948481
3.0035400990891574
3.004781663987835
4.723511007250668
4.731445578509042
4.687118790998315
4.692383073852429
4.418945541256135
4.420776596161914
2.192687951646799
2.194213830734948
0.7293699061119445
0.7196042799477911
3.1927491060196287
3.1829834798554755
2.1821593859385713
2.1893310176528713
3.071899482238231
3.0737305371440096
1.4526365938945525
1.4434813193656586
2.847137492553889
2.8491211353684824
3.1121826901653638
3.1109619868948446
3.24951180809877
3.2476807531929914
3.6590577553579515
3.658447403722692
3.2690430604270766
3.2604981375334425
2.7917480816540814
2.789306675113043
3.00346380513475
3.0047608023596766
4.723511007250668
4.726562765426966
4.695458971912738
4.692383073852429
4.418945541256135
4.420776596161914
2.1948241823702075
2.194213830734948
0.7293699061119445
0.7196042799477911
3.179321370043918
3.1829834798554755
2.19116207255865
2.1893310176528713
3.0725098338734904
3.071899482238231
1.4526365938945525
1.4434813193656586
2.858886761532636
2.8491211353684824
3.1030274156364697
3.1109619868948446
3.2379914209832457
3.2489014564635106
3.6590577553579515
3.658447403722692
3.269027861240847
3.2604981375334425
2.7917480816540814
2.789306675113043
0.9539793078874717
0.9655759889574038
1.2390135215536977
1.2396238731889573
3.2572937914483298
3.259887785898183
4.364013894082772
4.3548586195538785
3.757934720270004
3.755645901637781
2.5091552745288936
2.5048828130820766
4.575805911517848
4.567260988624214
3.0633545593445968
3.0725098338734904
2.9168701668822963
2.9193115734233346
3.3880616293026957
3.387476907667745
3.1697083317885797
3.1591797660803516
0.2685544214909581
0.2789303992903709
1.8048041230206637
1.7980956194514774
1.3146971243258863
1.3159178275964054
2.145996051549441
2.1466064031847005
4.353637916283359
4.364624245718032
0.9626768186899208
0.9655759889574038
1.2207029724959102
1.2396238731889573
3.257827849129182
3.259887785898183
4.353637916283359
4.3548586195538785
3.748169094105851
3.7591554235405233
2.5091552745288936
2.5049123173847576
4.57603479338107
4.567260988624214
3.05847174626252
3.0725098338734904
2.9083064685233198
2.9193115734233346
3.3880616293026957
3.387451277667436
3.1713867987855435
3.1591797660803516
0.2685544214909581
0.2789303992903709
1.802596962761517
1.8029784325335543
1.3000486850796562
1.3159178275964054
2.1440887026892548
2.1466064031847005
4.353637916283359
4.364624245718032
0.8197019481303629
0.8282468710239972
0.04699677789172885
0.03543377345010912
4.34165976544139
4.341430883578168
1.5484618006303073
1.5411375810071921
0.7587031434420519
0.7672117074980387
3.130493239223151
3.1329346457641893
2.3822021343949
2.388305650747496
3.599243295102512
3.599243295102512
0.09582490871249538
0.10375947997086987
1.666259666235407
1.6558073944815868
0.09330720821704963
0.09643526034775496
4.95605498028457
4.959717090096127
0.43556188768886184
0.4357907695520842
0.2600094985973236
0.24902316916265121
0.0189206026697879
0.014648141222970423
3.452148551004952
3.4545693939410915
0.8158872504099905
0.8282468710239972
0.042113964809651794
0.035400096821796456
4.341812353350205
4.341430883578168
1.5484618006303073
1.5411375810071921
0.7568357296986257
0.7672117074980387
3.130493239223151
3.120727613058998
2.3783874366745277
2.3870849474769766
3.5943604820204356
3.599243295102512
0.10353059810764753
0.10375947997086987
1.666259666235407
1.6674803695059262
0.1055905348766486
0.0927731505361975
4.95605498028457
4.959753746957034
0.4251096159350416
0.4357907695520842
0.255126685515247
0.24902316916265121
0.025405588794420897
0.014648141222970423
3.452148551004952
3.4545899575459904
0.018310251034528324
0.018310251034528324
4.725342062156447
4.7225954797977785
0.5810544587438653
0.5950925463548358
1.687011621834233
1.6748045891290413
2.3691558681912266
2.372436508230747
3.1341553490347085
3.120727613058998
1.1102293265139254
1.1096189748786658
4.742431907943715
4.752189189456605
3.1341553490347085
3.120727613058998
1.1675716838326078
1.1706562245674401
4.302749848693591
4.302368378921554
4.277956399673986
4.273683938227169
1.460418577244112
1.4721678462228591
1.413574089237939
1.4044188147090453
3.5339377562925525
3.5308859981162546
1.9293233071951041
1.9393178152224797
0.025253000885606003
0.02380341575186451
4.725342062156447
4.732055930144302
0.5819699861967547
0.593261491449057
1.687011621834233
1.6748045891290413
2.3681640467839298
2.372436508230747
3.1341884296165023
3.120727613058998
1.1191557191795969
1.1096189748786658
4.737549094861638
4.752197534107868
3.121643140511887
3.120727613058998
1.1676044663911422
1.1706562245674401
4.302978730556814
4.302368378921554
4.282839212756063
4.2832206825281
1.4707182610891176
1.4569090553413695
1.413574089237939
1.4044188147090453
3.5435507945478912
3.5308859981162546
1.9293233071951041
1.9305440104656233
1.0913084258208783
1.1016844036202913
1.336089829932431
1.334228376654193
1.1386869715079035
1.1322019853832703
2.3577880689845165
2.359008772255036
2.963790948842877
2.9656982977030633
1.9891356812877277
1.9873046263819487
2.4194335841457346
2.4182128808752155
2.8479004320979633
2.8574371763988946
1.6473387655423601
1.6394041942839854
3.9635916308869876
3.9733888475166377
1.3234709290827429
1.3238523988547801
3.765258939893119
3.7664796431636383
2.40821837284784
2.4078369030758027
2.4078369030758027
2.4096679579815814
2.0880126461997803
2.098388623999193
3.504617631985859
3.5046387916372765
1.0892484890518772
1.0968015905382145
1.3360594315599719
1.334228376654193
1.1386869715079035
1.1322019853832703
2.3626708820665936
2.359008772255036
2.974853572231957
2.9656982977030633
1.9879149780172083
1.9873046263819487
2.417449941331141
2.4139404194283984
2.8479004320979633
2.849731487003742
1.6464995320438782
1.6394041942839854
3.9636232213524845
3.9733888475166377
1.3262938053958184
1.3238523988547801
3.7652911264051347
3.7664796431636383
2.397994982957242
2.4078369030758027
2.4078369030758027
2.4096679579815814
2.0957183355949325
2.098388623999193
3.5046387916372765
3.5046387916372765
2.283935521118107
2.292480444011741
3.8433076552519387
3.8427735975710866
2.3003387213157085
2.3071288832579713
0.6610105229628709
0.6616208745981305
1.1582182238362102
1.14746077626476
2.9638672427972845
2.9766846271377356
4.403076398739385
4.3908693660341935
1.0510529340568702
1.0510252178937456
2.92663579304645
2.9284668479522287
2.271499606549693
2.273559543318694
4.918213178898474
4.918213178898474
0.8361814422823719
0.8361814422823719
3.276901337731044
3.2873536094848643
4.654541272466334
4.657593030642632
4.6063234932808275
4.6173098227155
4.322281101021898
4.313965059991486
2.2857665760238857
2.292480444011741
3.8549806302762786
3.8427735975710866
2.3003387213157085
2.301635718540635
0.6610105229628709
0.6616208745981305
1.1517332377115772
1.147468226846245
2.9638672427972845
2.9766846271377356
4.400558698243939
4.3908693660341935
1.0510252178937456
1.0510252178937456
2.925262501867116
2.9284668479522287
2.2644042687898
2.273559543318694
4.917602827263215
4.918213178898474
0.8459470684465251
0.8361814422823719
3.2745362251444132
3.2824707964027877
4.654541272466334
4.657593030642632
4.604950202101493
4.6173098227155
4.324341037790899
4.313965059991486
4.6667483051715255
4.674036165956994
1.939697198831701
1.9409179021022203
3.4045411234547047
3.405761826725224
1.354980332253019
1.3568113871587977
4.155578810641623
4.169311722434965
4.618530525986019
4.608154548186606
0.4278561982937097
0.4351804179168246
1.4318846382957267
1.4306639350252075
3.064575262615116
3.0724916544546668
3.111572338530104
3.1140137450711425
1.9744872420414974
1.979370055123574
4.733276633414821
4.721679952344889
1.0604856682402692
1.060790844057899
0.5529782835219244
0.5560321278610383
0.45593237351565064
0.4583654354054256
2.899780321095028
2.8979492661892494
4.666137953536266
4.674072524794641
1.939697198831701
1.9409179021022203
3.4044648295002973
3.405761826725224
1.354980332253019
1.344604354453606
4.158935744635551
4.159317214407588
4.618530525986019
4.608154548186606
0.4296872531994884
0.4351804179168246
1.431274286660467
1.4306639350252075
3.0722046580558606
3.0725098338734904
3.111572338530104
3.114015533210699
1.9805907583940934
1.9793354844254831
4.733276633414821
4.721679952344889
1.054687327705303
1.060790844057899
0.5529782835219244
0.5560300416982225
0.45532202188039106
0.45837378005668894
2.899780321095028
2.880859420401981
2.60253907472361
2.6049804812646484
3.2299805557704633
3.21840443830543
0.6988523243489653
0.6982419727137057
1.3623045518761339
1.3763426394871043
3.032226625946358
3.035278384122656
4.73449733668534
4.722290303980149
0.6488034902576794
0.643310325540343
2.342529278103027
2.351074200996661
0.7278440270237956
0.7196042799477911
1.6571043917065134
1.6674803695059262
3.2690430604270766
3.268432708791817
2.4221038725499957
2.4291992103098883
3.439331166664501
3.4368897601234627
2.5189209006930473
2.528076175221941
2.505111694945299
2.5067138679878553
0.26061985023258316
0.24963530893746722
2.6062011845351676
2.604954255217821
3.2250977426883867
3.2183838747005313
0.6990812062121876
0.6982419727137057
1.3623045518761339
1.3763426394871043
3.0325318017639877
3.035278384122656
4.73449733668534
4.722290303980149
0.653686303339756
0.643310325540343
2.3460388000057697
2.351074200996661
0.7257077963003868
0.7196042799477911
1.6571043917065134
1.6674803695059262
3.266906829703668
3.268432708791817
2.4285888586746287
2.4292009984494447
3.4442139797465776
3.436868004425526
2.5140380876109703
2.528076175221941
2.4968719478692947
2.5018310549057787
0.26061985023258316
0.2496335207979108
4.458313221730378
4.458618397548007
1.2164305110490932
1.2170408626843527
4.4512941779248925
4.461670155724306
4.005813778139803
4.003296077644357
4.587402592587781
4.598388922022453
0.7312009610177232
0.7293699061119445
0.7864377840087156
0.7763669820269326
2.4169921776046963
2.4212664271910698
4.418945541256135
4.422607651067692
3.153076249727756
3.150024491551458
2.700424218228366
2.702636742906182
3.5620139315144934
3.5607911420811584
2.506707013452889
2.4975585934589617
4.860840125184074
4.868774696442449
3.4228516725124924
3.4252930790535308
3.3666993220686106
3.355712992633938
4.458313221730378
4.458618397548007
1.2164305110490932
1.2030027750733823
4.448852771383854
4.451828235605745
4.012451352173251
4.003296077644357
4.584961186046742
4.598388922022453
0.7312009610177232
0.7293699061119445
0.7863614900543081
0.7763669820269326
2.416994263767512
2.4163818259694367
4.4201540255730185
4.422607651067692
3.153076249727756
3.150024491551458
2.6928711167420287
2.702636742906182
3.5620118453516776
3.5607911420811584
2.5051879888997064
2.4975585934589617
4.860840125184074
4.871826454618747
3.414306749618858
3.4165955682510813
3.3666993220686106
3.355712992633938
3.6480714259232787
3.6492921291937983
0.11413545777028311
0.12268038066391718
3.481674311360635
3.482666132767932
4.185793302749789
4.185791216586973
2.800926601997209
2.798461949641937
0.5718991842149717
0.5627439096860778
1.5051268345268767
1.5002440214448
3.7854005438566856
3.7945558183855796
4.2645265775354595
4.2639162259002
3.970949527138415
3.9636253075153003
1.1511249722391335
1.1572284885917292
2.764284344230216
2.780763838382225
3.559877700791085
3.551027602079821
3.0236837892155397
3.0255148441213184
4.284057829863766
4.285278533134285
3.4063721783604834
3.403930771819445
3.650283950601095
3.6492921291937983
0.11413545777028311
0.12268038066391718
3.4717015590311955
3.482666132767932
4.185791216586973
4.185791216586973
2.801513707818235
2.798461949641937
0.5718991842149717
0.5627439096860778
1.5006254912168373
1.5002440214448
3.789673005303503
3.789673005303503
4.2630006984473106
4.2639162259002
3.970949527138415
3.9636253075153003
1.1474628624275758
1.1572284885917292
2.7783224318411865
2.780763838382225
3.5507224262621913
3.551027602079821
3.023681703052724
3.020632031039242
4.275510224760797
4.285278533134285
3.4063721783604834
3.403930771819445
4.714966084357034
4.711914326180736
3.168945392244505
3.169555743879765
3.9998628496960222
4.010620297267472
4.669189711712564
4.665527601901006
2.212219203975106
2.20642086344014
0.13610811663962785
0.14160128135696448
4.265136929170719
4.2529298964655275
4.155273634823994
4.157104689729772
3.9135743872611983
3.912353683990679
1.8615721895184743
1.8542569105931412
3.423080554375715
3.417358507795156
0.6195086979280351
0.6341571371742651
1.373921200504446
1.3641356067819126
3.590698372208878
3.6022950532788105
0.6719968523975435
0.6701657974917647
4.166259964258667
4.169311722434965
4.7125246778159955
4.711914326180736
3.164062579162428
3.1646729307976877
3.9995576738783924
4.010620297267472
4.674682876429901
4.665527601901006
2.203979456899101
2.20642086344014
0.13610811663962785
0.1416391303109088
4.263229580310533
4.2529298964655275
4.155273634823994
4.157104689729772
3.901382255718977
3.912353683990679
1.8615721895184743
1.8542479698953591
3.4149171012541175
3.417358507795156
0.6243915110101117
0.6341571371742651
1.3726805296755469
1.3641356067819126
3.589477668938359
3.6022950532788105
0.6571958252424985
0.6652829844096881
4.166259964258667
4.169311722434965
0.7995603441667967
0.8062742121546522
2.1929931274644288
2.1832030633930044
0.43540929978004694
0.4272458466584501
1.8920897712814535
1.903076100716126
0.2905026424530317
0.2893084632525995
0.6408689189993046
0.6494138418929389
2.4005126834526878
2.3992919801821686
2.92663579304645
2.938232474116382
3.786010895491945
3.7884523020329834
1.2493894993531107
1.2456510955871458
0.7769010397077847
0.7879636630968645
3.5308839119534388
3.5406495381175924
1.8217467453177862
1.8127440586977075
0.13305635846332997
0.13366671009858955
0.09399385380671665
0.09704561198301453
1.5423582842777113
1.5423788478826101
0.7966611738993137
0.8062742121546522
2.188110314382352
2.1832275013002755
0.4351804179168246
0.4272458466584501
1.8920897712814535
1.903076100716126
0.3009051443225319
0.2893084632525995
0.6408689189993046
0.6398008036376004
2.4012756229967622
2.4108886612521006
2.92663579304645
2.938232474116382
3.794632112339987
3.7884523020329834
1.2493894993531107
1.247558444447332
0.7788083885679709
0.7769773336621921
3.5308839119534388
3.5406489420710736
1.8132018224241522
1.8127440586977075
0.12817354538125336
0.13366671009858955
0.10284395251798051
0.09704561198301453
1.5423582842777113
1.5423582842777113
2.282714817847588
2.29370114728226
0.008544624870374662
-0.005264580877373248
4.976425466111358
4.978027639153915
0.6042478208837296
0.6011960627074315
2.3294830118993537
2.3211669708689415
4.235229699043
4.233398644137221
2.641601579380224
2.6452636891917813
4.656982679007372
4.655775386783526
0.5725095358502312
0.5731198874854908
0.4168516894402132
0.4083249459654028
0.8062742121546522
0.8013913990725754
3.9898683416686467
3.979492363869234
2.455673212489273
2.4597167920728675
1.9323729792085862
1.939697198831701
0.5535886351571839
0.5432126573577711
4.840088169585249
4.848861974342105
2.2904968011971474
2.275390598224473
0.008544624870374662
-0.004883111105336013
4.979477224287656
4.979248342424434
0.6042478208837296
0.6011960627074315
2.320556619233682
2.3211669708689415
4.235253242880493
4.233398644137221
2.642137723223892
2.6452636891917813
4.656982679007372
4.655761975736853
0.5656430799535608
0.5731198874854908
0.4168698688590369
0.4083249459654028
0.8093259703309501
0.8062742121546522
3.9898683416686467
3.989563165851017
2.466125484243093
2.4542236273555313
1.9323729792085862
1.939697198831701
0.5460355336708467
0.5432126573577711
4.840088169585249
4.842529576126287
2.967529352608842
2.9638672427972845
0.9911755908936966
0.9948728674498639
1.665269930990926
1.6632079080591091
2.234497038662081
2.224731412497927
1.6590117405666995
1.658935446612292
3.221435632876829
3.231201259040983
2.6635742382495686
2.664184589884828
1.9219970014091732
1.919250419050505
1.2359617633773998
1.2280271921190253
4.841995518445435
4.851684850655181
1.5203856254083665
1.5216063286788857
4.802856719834414
4.801025664928635
2.524871829136828
2.526245120316162
0.0067135699645959335
-0.0024417045642977087
1.4819334723870126
1.4910887469159062
0.26062670476754946
0.2600094985973236
2.9670715888823973
2.958984429715208
0.9912107576383062
0.9948728674498639
1.6653441387825176
1.668090721141186
2.234497038662081
2.224731412497927
1.669311424411705
1.658935446612292
3.2213593389224218
3.231201259040983
2.659912128438011
2.664184589884828
1.9219970014091732
1.9122313752450197
1.23565658755977
1.2280271921190253
4.841308872855768
4.851684850655181
1.532592658113558
1.5216063286788857
4.802818870880469
4.801025664928635
2.5187683127842324
2.5213623072340856
0.0067135699645959335
-0.0024417045642977087
1.4895628678277573
1.4910887469159062
0.26061985023258316
0.2600094985973236
2.20642086344014
2.2143554346985144
3.998794734334318
4.002075374373838
0.0189206026697879
0.02685517392816239
1.6088866125210062
1.607665909250487
2.60284425054124
2.597045910006274
2.9876709565724084
2.9833984951255914
2.9577637264446888
2.954101616633131
2.6415971090313324
2.6403808761097043
4.9768069358833955
4.989003835797767
3.6608888102637303
3.6602784586284707
2.680971346017283
2.6770019742252797
4.8303225434210955
4.829712191785836
0.9848020654680807
0.9735105602157783
2.7313232697633825
2.7325439730339016
3.2110596550774164
3.198242270736965
1.6654967266913325
1.668090721141186
2.213745083063255
2.2143554346985144
4.011230648902732
4.002075374373838
0.01686066590078683
0.02685517392816239
1.6088866125210062
1.607665909250487
2.6037597779941293
2.5970152136105553
2.9876709565724084
2.9833984951255914
2.9543322866359096
2.9492188035510543
2.641601579380224
2.6452636891917813
4.985885916457882
4.989013968588587
3.6608888102637303
3.6602784586284707
2.6843261938483947
2.6818847873073564
4.829407015968206
4.829712191785836
0.9716795053099996
0.9735105602157783
2.7313232697633825
2.7325439730339016
3.208084190855526
3.198242270736965
1.6552733368007346
1.668090721141186
4.65362783117626
4.655153710264409
1.4129658237654952
1.4147968786712741
4.71435781888459
4.716188873790369
0.7513446511441053
0.7483250794798231
4.927980891225444
4.930422297766483
3.582765887113319
3.5803244805722807
4.467165406604458
4.479982790944909
4.479982790944909
4.4781517360391305
4.401245343833606
4.4024660471041255
0.691530190888666
0.6891099439990453
0.2883145556824869
0.2886960254545241
1.1822508194745565
1.1877439841918926
1.8997191667221984
1.8896483647404152
0.8935544959967727
0.9039304737961857
1.1517332377115772
1.1499021828057985
1.6772459956700798
1.6748045891290413
4.6442436747841445
4.649660545547073
1.4129658237654952
1.4135761754007548
4.712145294206774
4.716188873790369
0.7513446511441053
0.7482928929678074
4.928591242860704
4.930422297766483
3.5827795961832516
3.5803244805722807
4.468386109874977
4.479980704782093
4.479982790944909
4.4781517360391305
4.39994834660868
4.4024660471041255
0.691530190888666
0.6890887843476277
0.29907200325393735
0.2886960254545241
1.187133632556633
1.1869810446478182
1.8902587163756748
1.9012450458103474
0.8935544959967727
0.9039304737961857
1.1576078722009506
1.1499021828057985
1.6772459956700798
1.6851805669284543
0.9619138791458464
0.9631345824163655
4.556878752336353
4.55871606573058
4.976272878202543
4.979248342424434
4.232177940866702
4.243164270301374
4.282684538684432
4.273071500429094
0.9918211092735658
0.9948728674498639
0.6994626759842248
0.7092283021483781
3.6193848990660786
3.608856333357851
3.5208131099716553
3.5150147694366893
1.8548583215306187
1.860351486247955
4.071045109158171
4.0576173731824605
2.319359757823915
2.329101542127316
2.505645752626151
2.503051758176298
0.222778048846489
0.21362277431759535
4.868471606787635
4.859011156441111
1.2847919803609824
1.2976093647014337
0.95642071442851
0.9631345824163655
4.556885010824801
4.546890502797425
4.975815114476099
4.971924122801319
4.237060753948779
4.243164270301374
4.282531950775617
4.273071500429094
0.9918211092735658
0.9948728674498639
0.7098386537836376
0.7092283021483781
3.619367613717033
3.6065675147256275
3.511200071716317
3.5101319563546127
1.8548583215306187
1.860351486247955
4.0676881751642435
4.0576173731824605
2.319335915963163
2.329101542127316
2.5067138679878553
2.5079345712583745
0.222778048846489
0.21560641713218898
4.8722100105536
4.853517991723775
1.2847919803609824
1.2976093647014337
4.731674460372265
4.735718039955859
0.7318113126529828
0.7202146315830507
3.0432129553810308
3.0548096364509627
3.914212455059583
3.9129640356259388
1.6403197217368748
1.6430663040955429
1.0620115473284182
1.050414866258486
2.446594231914786
2.4389648364740415
3.649902480829058
3.6608888102637303
2.9280853781801914
2.9376221224811223
1.2384031699184381
1.2365721150126594
2.92663579304645
2.9260254414111904
0.3762814851142746
0.3662106831324916
2.365112288607632
2.3596191238902957
2.5158691425167494
2.5274658235866814
3.2208252812415696
3.2305909074057233
2.0977782723639335
2.085571239658742
4.724731710521187
4.735718039955859
0.7318360485835134
0.7202146315830507
3.0520651402551104
3.0548096364509627
3.9141847388964583
3.9129640356259388
1.638488666831096
1.6479491171776197
1.0620115473284182
1.050414866258486
2.439575188109301
2.4389648364740415
3.6575318762698026
3.6608888102637303
2.9315186061285265
2.9376221224811223
1.2384031699184381
1.2365721150126594
2.9267120870008574
2.9260254414111904
0.36743138640301076
0.3662106831324916
2.3614501787960744
2.3596191238902957
2.515889408098389
2.5274658235866814
3.2278464112098706
3.2257080943236462
2.0977782723639335
2.085571239658742
1.9898223268773947
1.9873046263819487
4.663086195359968
4.667358656806785
3.9117433323554196
3.914795090531718
1.9583129237071186
1.9622802093363059
4.417114486350356
4.413452376538798
1.8939208261872322
1.8933104745519727
2.2438049010997894
2.241210906649936
2.0263671310385623
2.037963812108494
0.04425019553306031
0.0445553713506901
2.0758056134945884
2.0654317218579914
0.7086179505131185
0.7110462440307432
1.0577390858816011
1.0614011956931586
3.0902100312960186
3.093872141107576
4.480591056417353
4.479980704782093
3.559875614628269
3.551635867552265
0.7000730276194844
0.700683379254744
1.991577087828766
1.9873046263819487
4.672851821524122
4.667358656806785
3.914795090531718
3.914795090531718
1.9616698577010463
1.9622802093363059
4.419250717073765
4.413452376538798
1.8939208261872322
1.8933125607147885
2.244262664826234
2.241190045021778
2.0214843179564856
2.037963812108494
0.040282909903873065
0.0445553713506901
2.0758056134945884
2.0654296356951756
0.7082364807410813
0.711059357054157
1.0626218989636778
1.063842602234197
3.082275460037644
3.093872141107576
4.478149649876315
4.479980704782093
3.5638429002574563
3.551635867552265
0.7000730276194844
0.7092283021483781
0.43510412396241716
0.42602514338793096
4.254150599736047
4.255983740804641
2.107543898528087
2.1142613427950554
2.714843775611374
2.7142334239761143
3.2135010616184547
3.222045984512089
2.7142334239761143
2.7111816657998165
3.91143815653779
3.9044191127323047
2.107543898528087
2.1142577665159425
1.7463683183632277
1.7358397526549998
0.3686520896735299
0.3735349027556065
3.1414795686578234
3.149719315733828
4.526977780697081
4.5288088356028595
1.4447020226361778
1.4538572971650716
4.364013894082772
4.364624245718032
4.7903445113115914
4.780884060965068
1.1285398755717129
1.1285398755717129
0.4357907695520842
0.42603825641134474
4.254150599736047
4.255981654641825
2.106933546892827
2.1142577665159425
2.7197265886934505
2.7142334239761143
3.220062341697495
3.222045984512089
2.7142334239761143
2.7050781494472207
3.902588057826526
3.91143815653779
2.107543898528087
2.107543898528087
1.734008697749221
1.7358397526549998
0.3686520896735299
0.37597630929664483
3.152923661818941
3.1402588653873043
4.526977780697081
4.5288088356028595
1.4508055389887737
1.4538742844908576
4.364013894082772
4.364624245718032
4.780884060965068
4.780884060965068
1.1285398755717129
1.1285398755717129
2.1657561857409697
2.1655273038777474
4.802246368199154
4.795532500211298
4.624023690703355
4.634094492685138
1.9714354838651995
1.9702147805946804
4.6752932280651605
4.666137953536266
3.2403565335698765
3.2403565335698765
1.6866301520621958
1.6876219734694926
0.9649656373221442
0.9625242307811059
1.8997191667221984
1.8902587163756748
2.691042147999066
2.6971435781888458
4.4525464716609084
4.448852771383854
1.4215086604963136
1.4331053415662458
3.5327149668592175
3.5437012962938903
0.7507322133460299
0.7482908068049916
0.7278440270237956
0.7312009610177232
3.7194825672486505
3.7194825672486505
2.1728515235008627
2.1682738862364155
4.802246368199154
4.812011994363307
4.625854745609134
4.627685800514913
1.9714354838651995
1.9702147805946804
4.673156997341752
4.666137953536266
3.2403586197326923
3.2354737204878
1.677871546491569
1.682739160387416
0.9649656373221442
0.9625242307811059
1.8933104745519727
1.8902587163756748
2.69104006183625
2.7020263912709224
4.45823692777597
4.448852771383854
1.4215086604963136
1.431274286660467
3.5308839119534388
3.543853884202705
0.7507322133460299
0.7482908068049916
0.7183835766772719
0.7312009610177232
3.7194825672486505
3.72009291888391
4.087295721446958
4.077148625510767
2.104492140351789
2.1099853050691255
0.5267036589030814
0.5328366795583581
4.282837126593247
4.275512906970132
1.228637543754285
1.2377928182831786
0.3002927065244565
0.3021237614302352
4.5368197008156415
4.52758813233234
3.238525478664098
3.2476807531929914
2.339630107835544
2.3388671682914697
3.3868409260321766
3.3843995194911383
4.2824556568212095
4.273681852064353
1.0510252178937456
1.0510252178937456
1.8920897712814535
1.903076100716126
3.0163574834296085
3.002929747453898
1.6754149407643009
1.6754149407643009
3.511352659625132
3.5150147694366893
4.079584369609877
4.077148625510767
2.104492140351789
2.114868118151202
0.5230710533942047
0.5328366795583581
4.282837126593247
4.275512906970132
1.2261961372132464
1.2377928182831786
0.291747783630822
0.3021237614302352
4.5368197008156415
4.52758813233234
3.238525478664098
3.24951180809877
2.341308574832508
2.3388671682914697
3.3740235416917255
3.3843995194911383
4.272995206474686
4.273681852064353
1.0510252178937456
1.0510252178937456
1.9031017307164348
1.903076100716126
3.0163574834296085
3.002929747453898
1.6876219734694926
1.6754149407643009
3.511352659625132
3.5150147694366893
2.808151281851683
2.820434608511282
1.6467284139071006
1.6497801720833984
3.5211945797436925
3.522949340695064
4.8706057513482275
4.860840125184074
3.270263763697596
3.2696534120623366
4.851684850655181
4.841308872855768
0.8158872504099905
0.8160398383188054
0.9918211092735658
1.0046384936140171
3.052444523864332
3.041992252110511
0.7714841689448557
0.7769773336621921
3.237915127028838
3.2501221597340297
1.0235593943070644
1.0125730648723918
4.937134079591522
4.949341112296714
0.12512178720495548
0.12290926252713952
1.72447195344829
1.7254637748555868
2.257080049166685
2.263183565519281
2.808303869760498
2.820434608511282
1.6485594688128793
1.6497801720833984
3.5205079341540255
3.522949340695064
4.8706057513482275
4.860835356811924
3.267593475293335
3.2696534120623366
4.846802037573104
4.841308872855768
0.8162687201820278
0.8160398383188054
0.9918211092735658
1.0046384936140171
3.0548096364509627
3.041992252110511
0.7763669820269326
0.7870481356439751
3.247757047147399
3.2501221597340297
1.0162351746839493
1.0125730648723918
4.938583664725264
4.949341112296714
0.12512178720495548
0.11291475449976396
1.715087797056174
1.7254637748555868
2.272338840048175
2.2631588295887504
1.7630004004240514
1.755981356618566
3.9825441220455318
3.9801027155044935
1.6131590739678232
1.6271971615787937
0.9045408254314453
0.9075925836077432
3.3183289549742883
3.328857520682516
1.9616698577010463
1.9586180995247484
1.0601804924226395
1.054687327705303
3.5791016911389457
3.582763800950503
0.5133054272300515
0.5059812076069363
4.295044159298439
4.304809785462592
2.104873610123826
2.105712843622308
1.910400320339241
1.920776298138654
4.335327367225571
4.34135458962376
3.8549806302762786
3.8568116851820573
2.8082275758060904
2.80883792744135
1.0705564702220525
1.0705564702220525
1.7550658291656767
1.755981356618566
3.9825441220455318
3.9752199024224164
1.6259764583082745
1.627194479369459
0.9045408254314453
0.9075925836077432
3.3282471690472564
3.328857520682516
1.9616698577010463
1.9586180995247484
1.0514829816201903
1.0595701407873799
3.5791016911389457
3.577270636233167
0.5163571854063493
0.5129239574580142
4.295044159298439
4.304809785462592
2.1185302279627596
2.105712843622308
1.910400320339241
1.9122313752450197
4.333191136502163
4.343261938483947
3.8549806302762786
3.8568116851820573
2.8210449601465415
2.8088581930229894
1.0705564702220525
1.0705564702220525
3.8519288720999807
3.8470460590179036
2.655639666991194
2.664794941520088
0.9238431958965296
0.9173582097718966
3.554077274093303
3.551635867552265
4.2071535238210584
4.20471211728002
1.7181395552324719
1.7260741264908463
-0.0012210012937785564
-0.0018313529290381325
0.8380124971881506
0.8453367168112655
2.837145070689329
2.8283712659324722
0.4260272295507468
0.42724793282126594
4.223633017973068
4.216308798349953
0.42724793282126594
0.43699835979918955
1.665422518899741
1.6595457982475517
2.748415201713467
2.749635904983986
1.8445136361734433
1.8334960142965335
1.442870967730399
1.4422606160951394
3.843383949206346
3.8470460590179036
2.655639666991194
2.664794941520088
0.9249113112582339
0.9173582097718966
3.5577393839048606
3.549804812646486
4.204635823325613
4.198608600927424
1.7181395552324719
1.7260741264908463
-0.0018313529290381325
-0.0018313529290381325
0.8380124971881506
0.8453003579736182
2.841722707953776
2.8283691797696564
0.4260272295507468
0.42724793282126594
4.2138539807622415
4.216308798349953
0.42724793282126594
0.43701355898541916
1.6662617523982228
1.6595478844103675
2.7532980147955435
2.749635904983986
1.8333434263877186
1.8334960142965335
1.4544676488003312
1.4422606160951394
3.755340725820151
3.7591554235405233
3.641967909570683
3.63159193177127
2.3388671682914697
2.341308574832508
3.845215004112125
3.8445846849184853
3.9999391436504297
4.002075374373838
0.7208249832183102
0.7214353348535698
2.7136186019919637
2.7239990501402676
1.7864989383815453
1.7864989383815453
3.1594849418979813
3.170776447150284
3.971557792610859
3.9599611115409266
2.216186489604293
2.2033691052638416
4.0002443194680595
4.009399593996953
3.1108093989860297
3.0975342509191335
1.2261961372132464
1.228637543754285
0.5228421715309823
0.5328366795583581
1.626586809943534
1.6174315354146405
3.7561036653642255
3.7591554235405233
3.641967909570683
3.631628588632177
2.349472027954105
2.341308574832508
3.845215004112125
3.8446046524768653
3.999481379923985
4.002075374373838
0.7208249832183102
0.7214353348535698
2.7136230723408548
2.7239990501402676
1.7864989383815453
1.7828368285699878
3.1696320378341722
3.158569414445092
3.9666749795287823
3.9599611115409266
2.202606165719767
2.2033691052638416
4.0002443194680595
3.9996339678328
3.1048584705422484
3.101196360730691
1.2261961372132464
1.2286068473585663
0.5328366795583581
0.5328366795583581
1.6217039968614575
1.6174315354146405
0.05416840960602887
0.05554170078536291
2.5750732511369288
2.5756836027721883
1.552123910441865
1.552123910441865
4.97009306789554
4.966659839947205
3.5602570844003063
3.560180790445899
4.2242433696083275
4.226684776149366
4.390106426490119
4.390259014398934
4.507446528368774
4.5202639127092255
4.185257158906121
4.188232623128012
0.4968259330780427
0.48767065854914904
2.0288085375796006
2.0263671310385623
4.838885049687034
4.8529055539257
1.675262352855486
1.6851805669284543
4.629516855420691
4.6264650972443935
3.697281026516083
3.6968995567440457
2.993774472925004
2.9858399016666297
0.06530732694951613
0.05554170078536291
2.5750732511369288
2.5738525478664096
1.538543586557339
1.5332030097488176
4.97009306789554
4.959717090096127
3.5604859662635286
3.560180790445899
4.2242433696083275
4.226684776149366
4.392090069304713
4.390259014398934
4.507429243019729
4.5202639127092255
4.175186356924338
4.188232623128012
0.4968259330780427
0.48767065854914904
2.037048284655605
2.0263671310385623
4.8388674663147295
4.8529055539257
1.6766356440348202
1.6851805669284543
4.634399668502768
4.624862924201837
3.686523578944633
3.6999513149203436
2.993774472925004
2.9858399016666297
3.072280952010268
3.0651856142503755
3.045654361922069
3.0450440102868095
2.489624022200587
2.4768066378601357
0.640895741092651
0.6347674888095247
3.354570669480642
3.355712992633938
2.652589994977712
2.665407379318163
4.322206893230306
4.315187849424821
3.2800293898617494
3.2769776316854515
2.8775787803624606
2.869262739332049
4.959108824623684
4.967043395882058
1.237182466647919
1.2384031699184381
4.812586881230698
4.812622345998567
0.9040830617050006
0.8929441443615131
2.440797977542636
2.440797977542636
0.2307126201048635
0.24291965281005545
2.098388623999193
2.0977782723639335
3.074340888779269
3.0651856142503755
3.0456472093638434
3.0450440102868095
2.4861145002978446
2.471923824778059
0.6408710051621205
0.6396503018916013
3.3557913727511615
3.355715078796754
2.652589994977712
2.665407379318163
4.321291365777417
4.315187849424821
3.286972139712827
3.2769776316854515
2.8767395468639787
2.8643799262499723
4.959108824623684
4.967043395882058
1.2300871288880264
1.2384031699184381
4.812622345998567
4.812622345998567
0.9051511770667049
0.8978269574435898
2.4408048320776023
2.440797977542636
0.24002048254257247
0.24291965281005545
2.098388623999193
2.0977782723639335
-0.004425347378891331
0.008544624870374662
2.547607427550248
2.5384521530213537
2.907106626880959
2.90527557197518
3.5410310078896297
3.5430909446586307
4.361114723815289
4.348755103201283
0.5676267227681544
0.5651853162271161
0.23002597451519646
0.23376437828116137
1.3861082656512578
1.3836668591102195
3.228530970636722
3.2177735230652718
3.413086046348339
3.4240723757830116
4.5660402853536945
4.577022740485995
3.7176515123428717
3.72009291888391
4.858932776323888
4.857178015372517
0.643310325540343
0.6500241935281985
1.3142393605994416
1.3067625530675118
1.0723875251278312
1.0717771734925716
-0.004272759470076437
0.008544624870374662
2.5346374553009814
2.5384521530213537
2.9046652203399206
2.9003927588931036
3.530273560318179
3.5430909446586307
4.360885841952067
4.361572487541734
0.5725095358502312
0.5651853162271161
0.24353000444531503
0.23378434583954144
1.3861082656512578
1.3836668591102195
3.222045984512089
3.212890709983195
3.413086046348339
3.4240723757830116
4.575958499426663
4.577026614788367
3.7176515123428717
3.72009291888391
4.861450476819334
4.862060828454593
0.6379697487318217
0.6451413804461217
1.304931498161733
1.3067625530675118
1.0723875251278312
1.0717771734925716
1.7632292822872737
1.766357334417979
4.403076398739385
4.403686750374645
2.4487304626381947
2.44078605661226
3.534546021764996
3.532104615223958
3.4734345642846303
3.4692383967922207
3.005371153994936
3.012695373618051
0.45448278838190914
0.44433569244571824
2.807617224170831
2.820434608511282
2.046890204774166
2.048950141543167
4.548950439566426
4.555664307554282
4.29443380766318
4.3024446728759616
4.040527527395192
4.050293153559346
3.680420062592037
3.6669923266163265
3.9599611115409266
3.97033708934034
2.3201751494616447
2.319335915963163
1.4599608135176674
1.4721678462228591
1.755981356618566
1.766330810347892
4.403076398739385
4.403686750374645
2.4462890560971564
2.4407958913798202
3.534546021764996
3.532104615223958
3.4735108582390377
3.4741212098742973
3.005371153994936
3.009643615441753
0.45593237351565064
0.45463537629072404
2.807617224170831
2.820434608511282
2.0465087350021287
2.048950141543167
4.548950439566426
4.5574953624600605
4.294204925799957
4.29443380766318
4.040527527395192
4.050293153559346
3.6773683044157393
3.667014976384041
3.9599611115409266
3.97033708934034
2.3303222453978356
2.319335915963163
1.4599608135176674
1.4721678462228591
2.088470409926225
2.0965575690934144
1.1981199619913057
1.1920164456387097
2.86743168442627
2.876586958955164
1.5417479326424517
1.539916877736673
2.9302979028580074
2.935180715940084
3.4625245288043653
3.466186638615923
2.732925442805939
2.7404785442922766
2.369384750054449
2.3614501787960744
2.173385581181715
2.167358358783526
0.01892268883260373
0.01586884449349002
4.989013968588587
4.9768334599534825
3.687744282215152
3.700561666555603
0.26061985023258316
0.26123020186784274
2.976074275502476
2.9766846271377356
1.8412779976460931
1.832885662661274
2.3602294755255553
2.3645019369723723
2.0849608880234825
2.0886992917894474
1.1981199619913057
1.1889646874624118
2.874755904049385
2.8698730909673085
1.5417479326424517
1.539916877736673
2.934875540122454
2.935180715940084
3.462526614967181
3.466186638615923
2.7404785442922766
2.740477352199239
2.369384750054449
2.3614501787960744
2.17651363331242
2.167358358783526
0.0189206026697879
0.01586884449349002
4.985962210412289
4.9768069358833955
3.687744282215152
3.6853028756741137
0.26061985023258316
0.25299045479183846
2.976074275502476
2.9766846271377356
1.8438719920959463
1.832885662661274
2.3602294755255553
2.3712158049602277
3.435745350807351
3.44055186993502
2.429809561945148
2.4304199135804074
2.918701221788075
2.908972550508088
3.104248118906989
3.1109619868948446
3.7750245660572728
3.7756349176925323
1.578369030758027
1.589965711827959
1.2384031699184381
1.2365721150126594
0.49439018897893305
0.4968259330780427
4.765014918448319
4.773583683202705
3.2305909074057233
3.2305909074057233
0.8868406280089174
0.877075001844764
0.15441866569741558
0.1641842918615688
4.37393210815574
4.384155498046338
3.6224366572423765
3.611450327807704
0.22399875211700815
0.2201840543966358
3.2989502905547967
3.298339938919537
3.4301758921356074
3.4454346830170968
2.429809561945148
2.4304199135804074
2.908935595623922
2.908935595623922
3.104248118906989
3.106079173812768
3.7677003464341574
3.775617036296968
1.5881346569221804
1.589965711827959
1.2310789502953232
1.2365721150126594
0.4943845265370044
0.4968259330780427
4.764175684949837
4.773559841341953
3.2305909074057233
3.2238770394178675
0.8850095731031387
0.8844755154222865
0.15441866569741558
0.1641842918615688
4.371338113705887
4.384155498046338
3.6224366572423765
3.6120606794429637
0.21362277431759535
0.21301242268233578
3.2989502905547967
3.298339938919537
2.9388428257516415
2.9247689753495427
2.4951171869179234
2.495727538553183
0.2966305967128986
0.30151340979497565
0.887450979644177
0.8850095731031387
1.460571165152927
1.4715574945875995
2.213745083063255
2.197265588911246
1.4123533859674198
1.4115904464233453
0.09582490871249538
0.1055905348766486
2.6517486753164143
2.662963886614309
4.9884036169533275
4.978637990789174
3.9900209295774616
3.9916993965744254
2.4877929672948085
2.4859619123890297
4.8706057513482275
4.8590090702782955
3.3355350298327244
3.3331299821293334
3.570099004518867
3.5821534493152436
0.14465303953326236
0.1348874133691087
2.935333303848899
2.924804738140671
2.4951171869179234
2.495727538553183
0.2911374319955624
0.30151340979497565
0.887450979644177
0.8745573013493182
1.4604948711985195
1.4691160880465612
2.208862269981178
2.2143554346985144
1.4121245041041974
1.4044188147090453
0.09582490871249538
0.1055905348766486
2.653198260450156
2.664184589884828
4.988434015325787
4.978637990789174
3.979873833641271
3.9916993965744254
2.4877929672948085
2.4859619123890297
4.8690798722600785
4.8590090702782955
3.3355713886703717
3.33801279521141
3.5736085264216095
3.5821534493152436
0.14465303953326236
0.1325985947368853
4.643783824894884
4.652710217560555
3.699340963285084
3.6987306116498244
3.9900209295774616
3.983764825316051
1.6204832935909383
1.6284178648493128
2.9547119682683904
2.945556693739497
4.566620536639754
4.575805911517848
1.4646147447365219
1.4739989011286379
0.5364987893699156
0.5352780860993964
3.8337709109510074
3.821411290337001
1.3262938053958184
1.335449079924712
2.390365587516497
2.389526354018015
1.4715574945875995
1.4642332749644846
1.0632322505989373
1.0614011956931586
0.33775303813851343
0.33874485954581024
0.552749401658702
0.5474851188045882
1.7272948297613655
1.7163085003266931
4.643936412803699
4.656372327372113
3.699340963285084
3.6987306116498244
3.9813234187750126
3.983764825316051
1.6205172682425104
1.6284178648493128
2.955093438040428
2.945556693739497
4.566650636988954
4.575805911517848
1.4608763409705567
1.4739989011286379
0.5364987893699156
0.5352780860993964
3.8372804328537504
3.8262941034190776
1.334075788745378
1.335449079924712
2.388534532610718
2.3919677605590537
1.4715574945875995
1.4642332749644846
1.0604856682402692
1.0614011956931586
0.33874485954581024
0.33874485954581024
0.541991954087252
0.5554196900629629
1.7273171815058208
1.7163085003266931
1.841583173463723
1.8359395070003877
0.1806637860135778
0.17089815984942414
2.145540373985812
2.147218840982776
2.47925013056399
2.489626108363403
3.198242270736965
3.198242270736965
1.8220540072982319
1.814577199766302
3.8338492910682307
3.8208030248645573
4.590456436926894
4.585573623844818
4.153444666081031
4.1638206438804435
1.1218280937466734
1.118165983935116
0.9043140297310388
0.8959979887006269
1.032716754998774
1.0443113499058903
2.984008846760851
2.995605527830783
1.921355953378195
1.910400320339241
3.2377625391200233
3.239746181934617
2.731933621398642
2.731933621398642
1.841814141489761
1.8408223200824643
0.1806637860135778
0.17089815984942414
2.145387786076997
2.147218840982776
2.4761220784332845
2.489626108363403
3.1988526223722245
3.198242270736965
1.8115254415900042
1.814577199766302
3.8340018789770456
3.8336204092050084
4.595339250008971
4.585571537682002
4.165651698786223
4.168703456962521
1.1218286897931922
1.118165983935116
0.8940122597232174
0.8911151756185502
1.032716754998774
1.044313436068706
2.9941559426970414
2.995605527830783
1.9213866497739136
1.910400320339241
3.240966885205136
3.239746181934617
2.730026272538456
2.731933621398642
1.898803639269309
1.8939208261872322
4.745483666120013
4.743042259578974
0.6308744109719289
0.6243894248472959
1.972045835500459
1.9787597034883144
3.6413575579354234
3.6309815801360106
0.09585888336406745
0.09399385380671665
2.0464324410477213
2.0587157677073202
4.656372327372113
4.657593030642632
4.798584258387597
4.812622345998567
4.480591056417353
4.478149649876315
1.1089323292889988
1.1114500297844445
1.755981356618566
1.7639159278769407
2.9638672427972845
2.973601278495941
0.9228513744892328
0.9149168032308583
3.729248193412804
3.729248193412804
4.744873314484753
4.7528078857431275
1.8901824224212673
1.8939208261872322
4.745483666120013
4.743042259578974
0.6219480183062576
0.6243891268240365
1.972045835500459
1.9787597034883144
3.6395265030296446
3.6309815801360106
0.09582490871249538
0.09399385380671665
2.0464324410477213
2.0587157677073202
4.656372327372113
4.6551516241015936
4.799804961658116
4.812622345998567
4.4784548256939445
4.478149649876315
1.115112139596002
1.1114500297844445
1.755981356618566
1.7639159278769407
2.964477594432544
2.9736328689614377
0.9228513744892328
0.9149168032308583
3.726196435236506
3.729231206087018
4.744873314484753
4.7528078857431275
2.864990277885232
2.8723144975083468
4.224853721243587
4.226074424514106
3.5504151642817456
3.562622196986937
0.4571530767861698
0.44677709898675655
4.4995119571104
4.497680902204621
0.7092283021483781
0.7122800603246762
3.6444093161117213
3.6517335357348366
0.546264415534069
0.5432126573577711
4.924927046886331
4.917602827263215
3.5308839119534388
3.5406495381175924
0.16227694300138262
0.1513669075211177
0.3662106831324916
0.3796384191082023
1.959228451160008
1.9566344567101546
0.8160398383188054
0.8251951128476993
1.920776298138654
1.920776298138654
2.9754639238672165
2.964477594432544
2.877121016636016
2.8771973105904234
4.224853721243587
4.210815633632616
3.5607911420811584
3.5618592574428627
0.4571530767861698
0.4547116702451315
4.497070550569362
4.497680902204621
0.7086179505131185
0.7122800603246762
3.6583711097682845
3.6517335357348366
0.5462665016968848
0.5383298442756943
4.917602827263215
4.917613556100553
3.526001098871362
3.5406495381175924
0.1593014787794922
0.1513669075211177
0.3662106831324916
0.37780736420242356
1.959075863251193
1.9488524733605948
0.8160398383188054
0.8282468710239972
1.9226073530444328
1.9126891389714644
2.9754639238672165
2.964477594432544
2.3901367056532745
2.3919677605590537
1.395873891815411
1.3928221336391131
4.400482404289532
4.400024640563087
0.8453388029740814
0.8392332004586698
1.2658689935051195
1.2762500376999424
1.569213756229133
1.560668833335499
3.217163171430012
3.228759852499944
4.20532246891528
4.198608600927424
4.458008045912748
4.459228749183267
3.306884861813171
3.2965088840137584
1.4330290476118384
1.4318846382957267
3.01391607688857
3.01391607688857
4.050903505194605
4.048843568425604
0.7690427624038174
0.7684324107685578
3.7756349176925323
3.7780763242335706
2.391357408923794
2.3785400245833426
2.391357408923794
2.3919677605590537
1.395873891815411
1.3928221336391131
4.4012757422060655
4.400024640563087
0.8453367168112655
0.8392332004586698
1.2750242680340134
1.2762449713045325
1.569213756229133
1.560668833335499
3.231735316721835
3.228759852499944
4.199218952562684
4.198608600927424
4.458008045912748
4.458999867320045
3.306884861813171
3.2965088840137584
1.4233397154020924
1.4318846382957267
3.01391607688857
3.01391607688857
4.039306824124673
4.050293153559346
0.7690427624038174
0.7684324107685578
3.7664671261867433
3.7780763242335706
2.391357408923794
2.3785400245833426
2.3614501787960744
2.3712158049602277
0.6329343477409302
0.6341550510114493
4.693374895259725
4.686889909135092
1.4593504618824078
1.4654539782350038
1.9293212210322883
1.9393920230140713
4.097900581109593
4.110107613814785
1.1865232809213735
1.196288907085527
4.204101765644761
4.2071535238210584
0.9045408254314453
0.8978269574435898
1.1322019853832703
1.1395408081460963
2.486343382161067
2.4768066378601357
4.976809022046211
4.987793265318068
3.2873390063451535
3.289184664390643
0.8673093756806107
0.8569333978811977
4.741211204673196
4.754638940648906
0.535888437734656
0.5334470311936177
2.3691558681912266
2.3712158049602277
0.6311032928351512
0.6341550510114493
4.687195084952722
4.686889909135092
1.4642332749644846
1.4703367913170804
1.938476495561182
1.929931572667548
4.097900581109593
4.110135628001169
1.1971281405840088
1.196288907085527
4.204103851807576
4.202270710738982
0.9063683040581112
0.8978269574435898
1.1322019853832703
1.1395262050063855
2.476196286224876
2.4768066378601357
4.9768069358833955
4.987793265318068
3.286972139712827
3.289184664390643
0.8630369142337935
0.8569333978811977
4.744720726575938
4.754638940648906
0.535888437734656
0.5334470311936177
3.267212005521298
3.268432708791817
0.690307401455331
0.690307401455331
4.157104689729772
4.157104689729772
0.6219480183062576
0.6317136444704108
0.3369138046400315
0.3375241562752911
1.157836754064173
1.1499021828057985
4.802254414827158
4.809570587822269
3.8525392237352403
3.8446046524768653
2.0987700937712304
2.0953368658228952
2.6031494263588697
2.593994151829976
4.185180864951714
4.185180864951714
3.755493313728966
3.7555696076833733
1.3529203954840179
1.3470457609946442
2.6062011845351676
2.605590832899908
0.3964230890778411
0.3985593198012496
0.04699677789172885
0.03601044845705603
3.270263763697596
3.268432708791817
0.6902734268037589
0.690307401455331
4.165573318669
4.157106775892588
0.6219480183062576
0.6317136444704108
0.33225987342117724
0.3375241562752911
1.157836754064173
1.1499021828057985
4.804077423104933
4.809570587822269
3.8525392237352403
3.852996987461685
2.0950316900052655
2.085571239658742
2.6031494263588697
2.593994151829976
4.178238115100636
4.185180864951714
3.755493313728966
3.745117335929553
1.3525389257119806
1.356201035523538
2.606166911860336
2.605590832899908
0.39573644348817405
0.3985614059640654
0.042113964809651794
0.03601044845705603
4.861755652636964
4.860229773548815
4.469604726982681
4.469604726982681
4.957886035190349
4.95605498028457
3.8818361022277
3.8922120800271127
4.243393152164597
4.243164270301374
0.12268038066391718
0.12329073229917675
4.158477980909106
4.157715041365032
3.825683751783818
3.8262941034190776
0.22155734557596984
0.21118136777655705
2.2424316099204553
2.251586884449349
1.5675352892321692
1.5704344594996522
0.5157489199339056
0.5114743723242727
3.140887098418128
3.1463623817399005
3.307495213448431
3.3062745101779116
2.811889685617648
2.811889685617648
1.4642332749644846
1.4703367913170804
4.868774696442449
4.860229773548815
4.469604726982681
4.472046133523719
4.967041309719242
4.958572680780016
3.8818361022277
3.8836671571334787
4.247436731748191
4.243774621936634
0.12268038066391718
0.12329073229917675
4.165802200532222
4.157715041365032
3.825685837946634
3.821411290337001
0.21363737745730615
0.21118136777655705
2.2424316099204553
2.251586884449349
1.5582274267944607
1.5704344594996522
0.5157468337710898
0.5163571854063493
3.1499481975970505
3.151245194821977
3.2934571258374605
3.301391697095835
2.8094482790766095
2.8137207405234266
1.4642332749644846
1.4703367913170804
1.7456053788191532
1.7437743239133745
1.2359617633773998
1.2396238731889573
3.735733179537437
3.7359620614006595
1.0211200739288417
1.022338691036545
3.844600778174493
3.849487465558942
3.893432783297632
3.8818361022277
1.1572264024289134
1.1602781606052113
1.726684478126106
1.7156981486914336
2.2155761379690335
2.203979456899101
2.711792017435076
2.7215576435992292
0.33874485954581024
0.34118626608684854
1.2219236757664294
1.2377928182831786
2.153701740944593
2.144775348278922
4.781494412600328
4.781494412600328
2.8594971131678957
2.8479004320979633
3.6682130298868456
3.671242138295429
1.7440032057765968
1.7437743239133745
1.2359617633773998
1.2396238731889573
3.729838279466424
3.7359620614006595
1.021117987766026
1.022338691036545
3.855590981911538
3.854370278641019
3.893432783297632
3.8818361022277
1.159362633152322
1.1602781606052113
1.7272948297613655
1.7156981486914336
2.2123717918839207
2.203979456899101
2.711792017435076
2.7215576435992292
0.3375241562752911
0.34118626608684854
1.2396238731889573
1.2378184482834873
2.147369342728775
2.144775348278922
4.776611599518251
4.781494412600328
2.849758905143607
2.8479004320979633
3.6682130298868456
3.6712647880631435
2.565917976608035
2.5671386798785543
3.680420062592037
3.679199359321518
1.4236448912197222
1.4221190121315732
4.547119384660648
4.546509033025387
3.931198290729319
3.923340013425352
1.9116210236097602
1.9195555948681349
1.1987303136265652
1.1865232809213735
2.8271484764991373
2.8375378653452237
0.7098386537836376
0.7122800603246762
0.5169675370416089
0.5041123037472133
3.85284439955287
3.856813771344873
0.18005343437831822
0.18188448928409695
3.9210532809559444
3.931887022481802
0.27954075092563047
0.27221653130251555
2.8601074648031553
2.8601074648031553
0.8483884749875634
0.8449552470392283
2.5637817458846266
2.55859375698492
3.680420062592037
3.679199359321518
1.4255522400799083
1.4221190121315732
4.547119384660648
4.546509033025387
3.931884936318986
3.923340013425352
1.9116210236097602
1.9195821189382218
1.1964414949943418
1.1865253670841893
2.8222656634170606
2.8375244542985505
0.7026670220693376
0.7122800603246762
0.5169675370416089
0.5041501527011576
3.846435707382644
3.8568116851820573
0.18493624746039483
0.18089266787680014
3.9309714950289125
3.9294456159407636
0.27465793784355386
0.27221653130251555
2.849731487003742
2.8601074648031553
0.8483884749875634
0.8380124971881506
2.2332763353915617
2.2357177419326
4.423218002702952
4.409767020913007
4.1265871079667935
4.129030600670648
2.4493408142734543
2.4493408142734543
3.103790355180544
3.1030274156364697
1.5600584817002394
1.560668833335499
4.129638866143091
4.125976756331534
0.25878879532680443
0.25932285300765656
0.837402145552891
0.8477781233523038
4.519653561073966
4.51026940468185
1.34597764563294
1.3378904864657506
2.6446533375565218
2.6434326342860026
0.14221163299222406
0.1348874133691087
2.693483554540104
2.704469883974777
3.64013894082772
3.641359644098239
4.481222269680771
4.481201408052613
2.224884000406742
2.2357177419326
4.423218002702952
4.40979026672724
4.126205638194756
4.129028514507832
2.4493408142734543
2.4493408142734543
3.1048584705422484
3.1030274156364697
1.5600584817002394
1.5611265970619437
4.119262888343679
4.129638866143091
0.25878879532680443
0.25024387243317037
0.8450315409936358
0.8477781233523038
4.519653561073966
4.517212154532928
1.3452147060888655
1.3555906838882785
2.6446774774405335
2.6434326342860026
0.1347348254602938
0.1348874133691087
2.693483554540104
2.704469883974777
3.6380027101043115
3.641359644098239
4.481201408052613
4.481201408052613
0.700683379254744
0.700683379254744
4.76318386354254
4.760971338864724
0.777129921571007
0.7812497951090092
3.4252930790535308
3.4149171012541175
1.0992450832420686
1.1016864897831071
1.160280246768027
1.1480732140628354
0.5072019108774555
0.503539801065898
1.2066523679080448
1.2072752365201993
0.1641842918615688
0.16479464349682837
4.891369925900689
4.887695597135496
4.16526814285137
4.159546096270811
2.0892333494702995
2.086791942929261
3.3156607527328434
3.3276389035748126
1.745607464981969
1.74438676171145
0.9033201221609262
0.895995902537811
4.243469446119004
4.243164270301374
0.7082364807410813
0.700683379254744
4.76318386354254
4.773559841341953
0.7776639792518591
0.7885740147321241
3.4252930790535308
3.4149171012541175
1.1010761381478473
1.1016864897831071
1.1603145194428586
1.1480732140628354
0.5130002514124217
0.4986569879838214
1.2066648848849397
1.2072752365201993
0.15571566292234218
0.16479464349682837
4.891357706947053
4.887695597135496
4.156494338094513
4.159546096270811
2.095260571868488
2.086791942929261
3.3257315547146264
3.3160422225048807
1.745607464981969
1.74438676171145
0.8940885536776249
0.895995902537811
4.235840050678259
4.243164270301374
1.4410399128246203
1.4440916710009182
1.307375586912106
1.304931498161733
4.829712191785836
4.827270785244797
2.0977782723639335
2.0953368658228952
4.91775541517203
