2.4999231099990737
2.5000047683721505
2.5000163912792672
2.4999082088361035
2.5000193715118613
2.5
2.5000053644186693
2.500003576279113
2.4999222159292955
2.500008046628004
2.5000071525582257
2.4999198317432203
2.500011026860598
2.5000056624419287
2.4999231099990737
2.5000217556979365
2.4999102949989194
2.5000193715118613
2.500003576279113
2.499920427789739
2.5000196695351207
2.4999091029058818
2.5000327825585344
2.499912083138476
2.5000071525582257
2.500009536744301
2.499918043603664
2.5000211596514177
2.5
2.500014007093192
2.499922513952555
2.5000187754653425
2.499919533719961
2.5000137090699326
2.5000023841860752
2.500015497209489
2.5000077486047445
2.49991506337107
2.5000172853490454
2.4999156594175886
2.5000226497677147
2.499912083138476
2.499921917906036
2.500014007093192
2.5000011920930376
2.500014007093192
2.499920427789739
2.5000211596514177
2.500007450581485
2.5000011920930376
2.500011920930376
2.500001490116297
2.500006556511707
2.5000092387210415
2.500003576279113
2.499916553487367
2.500020563604899
2.499912083138476
2.5000122189536356
2.5000062584884475
2.500002086162816
2.500016093256008
2.499915957440848
2.5000196695351207
2.499923408022333
2.5000122189536356
2.500007450581485
2.499918937673442
2.500015497209489
2.5000047683721505
2.500005960465188
2.4999207258129985
2.5000166893025266
2.5000128150001544
2.5000062584884475
2.499923408022333
2.5000062584884475
2.500010430814079
2.5000032782558534
2.500015497209489
2.499918937673442
2.500011920930376
2.5000128150001544
2.500001490116297
2.5000157952327484
2.500005960465188
2.500008940697782
2.500010430814079
2.5000047683721505
2.5000083446512633
2.4999216198827767
2.5000071525582257
2.5000077486047445
2.500004470348891
2.500008940697782
2.5000172853490454
2.4999201297664797
2.500013113023414
2.5000077486047445
2.5000011920930376
2.5000193715118613
2.4999147653478104
2.5000217556979365
2.5000002980232594
2.5000083446512633
2.5000083446512633
2.5000083446512633
2.5000116229071168
2.5000107288373385
2.5000068545349663
2.500003576279113
2.500013411046673
2.4999207258129985
2.5000208616281583
2.499918937673442
2.5000071525582257
2.500011920930376
2.4999216198827767
2.5000223517444553
2.4999201297664797
2.5000086426745227
2.500008940697782
2.499923408022333
2.5000101327908197
2.500009536744301
2.5000107288373385
2.5000038743023723
2.5000068545349663
2.500008046628004
2.500014007093192
2.500002980232594
2.500010430814079
2.5000137090699326
2.499922513952555
2.5000193715118613
2.499918937673442
2.5000196695351207
2.5000116229071168
2.500004470348891
2.500009536744301
2.4999222159292955
2.5000137090699326
2.5000083446512633
2.500006556511707
2.500004470348891
2.5000086426745227
2.500013113023414
2.500005960465188
2.500007450581485
2.5000098347675603
2.5000098347675603
2.500000894069778
2.5000122189536356
2.499917447557145
2.500009536744301
2.500020563604899
2.499919533719961
2.5000202655816395
2.5000041723256317
2.5000101327908197
2.5000056624419287
2.50000506639541
2.5000128150001544
2.5000062584884475
2.5000122189536356
2.5000053644186693
2.5000128150001544
2.5000092387210415
2.500007450581485
2.5000017881395564
2.5000107288373385
2.5000101327908197
2.5000077486047445
2.500020563604899
2.4999222159292955
2.5000241398840117
2.5000047683721505
2.500000894069778
2.5000092387210415
2.4999231099990737
2.500016093256008
2.499921917906036
2.500004470348891
2.500013411046673
2.5000056624419287
2.5000098347675603
2.5000092387210415
2.5000122189536356
2.5000068545349663
2.500011920930376
2.500002980232594
2.5000181794188236
2.4999231099990737
2.500014603139711
2.500010430814079
2.499922513952555
2.500026524070087
2.499912977208254
2.50001996755838
2.4999201297664797
2.5000157952327484
2.5000226497677147
2.5000017881395564
2.5000223517444553
2.4999228119758143
2.500017583372305
2.500005960465188
2.500013113023414
2.500008046628004
2.5000178813955642
2.5000077486047445
2.5000122189536356
2.50001490116297
2.5000053644186693
2.5000241398840117
2.4999183416269233
2.5000238418607523
2.5000172853490454
2.5000011920930376
2.500027418139865
2.4999228119758143
2.50001490116297
2.5000157952327484
2.500014603139711
2.5000122189536356
2.500011920930376
2.5000211596514177
2.500009536744301
2.500013113023414
2.500009536744301
2.500021457674677
2.5000002980232594
2.5000223517444553
2.5000023841860752
2.5000196695351207
2.500017583372305
2.50000506639541
2.500018477442083
2.5000047683721505
2.500019073488602
2.500017583372305
2.5000143051164514
2.5000271201166058
2.50000506639541
2.500017583372305
2.5000122189536356
2.5000137090699326
2.5000187754653425
2.5000098347675603
2.500012516976895
2.5000256300003088
2.500015497209489
2.5000187754653425
2.500018477442083
2.5000086426745227
2.5000253319770493
2.5000038743023723
2.500021457674677
2.5000241398840117
2.5000068545349663
2.5000271201166058
2.500002086162816
2.5000333786050533
2.500011920930376
2.5000178813955642
2.500030994418978
2.5000098347675603
2.5000271201166058
2.500002980232594
2.5000268220933464
2.500014007093192
2.5000223517444553
2.5000026822093346
2.5000247359305305
2.500026524070087
2.5000056624419287
2.500036060814388
2.5000053644186693
2.5000363588376473
2.5000083446512633
2.5000253319770493
2.500016093256008
2.500015497209489
2.500033080581794
2.4999186396501827
2.5000372529074255
2.5000011920930376
2.5000223517444553
2.5000208616281583
2.500011026860598
2.500036954884166
2.5000038743023723
2.500036954884166
2.4999177455804045
2.5000301003492
2.50001490116297
2.5000166893025266
2.5000232458142335
2.4999216198827767
2.4999621510460557
2.5000053644186693
2.5000318884887562
2.5000166893025266
2.500018477442083
2.5000241398840117
2.500013411046673
2.5000298023259404
2.500006556511707
2.500031590465497
2.5000056624419287
2.5000122189536356
2.499963939185612
2.5000023841860752
2.4999663233716873
2.4999216198827767
2.500033080581794
2.5000163912792672
2.5000196695351207
2.500033080581794
2.4999207258129985
2.4999746680229507
2.499911487091957
2.4999707937205784
2.5000026822093346
2.5000372529074255
2.50002503395379
2.4999198317432203
2.4999788403485823
2.4999037384872125
2.4999877810463644
2.4999067187198065
2.4999642372088715
2.500019073488602
2.500015497209489
2.4999693036042814
2.4999016523243967
2.4999997019767406
2.499899566161581
2.499982416627695
2.499918043603664
2.5000378489539443
2.500028014186384
2.500001490116297
2.499975562092729
2.4999016523243967
2.49998509883703
2.4999067187198065
2.4999842047672516
2.500002086162816
2.500026524070087
2.5000253319770493
2.5000023841860752
2.499987483023105
2.499900460231359
2.4999967217441466
2.4999037384872125
2.4999928474417743
2.499917447557145
2.499964535232131
2.500015497209489
2.5000151991862296
2.4999687075577626
2.4999082088361035
2.499987483023105
2.4999171495338857
2.4999773502322853
2.4999117851152164
2.4999848008137704
2.500002086162816
2.4999627470925745
2.5000098347675603
2.5000253319770493
2.500025928023568
2.5000143051164514
2.499970495697319
2.5000101327908197
2.4999621510460557
2.5000193715118613
2.500030994418978
2.500024437907271
2.5000226497677147
2.5000226497677147
2.500025928023568
2.500035464767869
2.5000187754653425
2.5000342726748315
2.500016987325786
2.5000336766283127
2.5000178813955642
2.5000256300003088
2.5000327825585344
2.500024437907271
2.5000277161631246
2.5000232458142335
2.499962449069315
2.500013411046673
2.500030398372459
2.500019073488602
2.5000333786050533
2.5000178813955642
2.5000253319770493
2.5000262260468276
2.5000351667446097
2.5000223517444553
2.500024437907271
2.5000312924422374
2.5000301003492
2.5000342726748315
2.5000163912792672
2.500028014186384
2.4999633431390933
2.500031590465497
2.500022947790974
2.5000271201166058
2.5000318884887562
2.5000232458142335
2.5000321865120156
2.50002503395379
2.500033974651572
2.5000241398840117
2.5000298023259404
2.5000232458142335
2.5000298023259404
2.500031590465497
2.500024437907271
2.500034570698091
2.500032484535275
2.5000363588376473
2.500020563604899
2.499963045115834
2.5000256300003088
2.500030994418978
2.5000178813955642
2.5000321865120156
2.5000283122096434
2.500027418139865
2.5000247359305305
2.500030398372459
2.5000298023259404
2.500033974651572
2.5000223517444553
2.500037550930685
2.5000277161631246
2.5000336766283127
2.5000277161631246
2.5000357627911285
2.500028014186384
2.500033974651572
2.5000327825585344
2.5000271201166058
2.499966025348428
2.5000256300003088
2.500032484535275
2.500027418139865
2.5000321865120156
2.50001996755838
2.500036060814388
2.500024437907271
2.500033974651572
2.5000262260468276
2.5000357627911285
2.500028610232903
2.5000298023259404
2.5000241398840117
2.5000321865120156
2.5000262260468276
2.5000318884887562
2.500027418139865
2.5000283122096434
2.5000333786050533
2.5000321865120156
2.5000363588376473
2.50002503395379
2.500033974651572
2.5000181794188236
2.4999728798833942
2.500012516976895
2.4999812245346575
2.4999222159292955
2.499981522557917
2.4999213218595173
2.4999961256976277
2.499900460231359
2.5000306963957186
2.4999296665107806
2.5000086426745227
2.4998858570916482
2.499956488604127
2.4999433755807132
2.499959468836721
2.4998462199981475
2.49985486267267
2.4998101591837596
2.499845921974888
2.4997696280204806
2.499740421741059
2.499797940230124
2.4997645616250708
2.499803006625534
2.499680817089178
2.499698996508002
2.499707937205784
2.499693334066073
2.4996146559255905
2.4996536969725724
2.499631345228117
2.4996352195304894
2.499589323948541
2.499578297087943
2.4995702504599393
2.499517500343025
2.4995732306925333
2.4995660781343076
2.4994426965049144
2.499492466389235
2.4994701146447795
2.4994987248776823
2.4994450806909896
2.4993616341783564
2.499367296620285
2.499395906853188
2.4993669985970257
2.499421834876756
2.4992930888286935
2.499342262666495
2.499313950456852
2.4993145465033706
2.4993401765036793
2.499228417781403
2.4992161988277672
2.4992176889440643
2.4992525576654145
2.4992239474325117
2.4991300701057995
2.499151229757217
2.4991726874318942
2.499142289059435
2.49913990487336
2.4991449712687697
2.4991044401054907
2.4990746377795503
2.499063312895693
2.499068379291103
2.4990999697565996
2.498988211034323
2.498977184173725
2.4989891051041013
2.499009370685741
2.4989753960341687
2.4990344046395307
2.498952150219935
2.498897313940205
2.4989360569639274
2.498901188242577
2.4988964198704267
2.498908340800803
2.498859166963001
2.4988174437066846
2.49888479696331
2.498887181149385
2.4988210199857974
2.4988555906838883
2.4988260863812073
2.4988105891717183
2.4987429378918335
2.4987605212641384
2.4987965820785263
2.4987715481247363
2.4987655876595483
2.498692273937735
2.4987184999845624
2.498674094518911
2.4987265466125663
2.4987208841706376
2.498723268356713
2.4987399576592395
2.49863475544867
2.4986058471925077
2.498601674866876
2.498600184750579
2.4986195562624403
2.498651146727937
2.4986273048671848
2.4985283611450626
2.4985295532381
2.498553097075593
2.4985823033550147
2.498542666261514
2.498524188819431
2.498522102656615
2.498450577074358
2.4984693525397006
2.4985003469586786
2.4984738228885917
2.498462199981475
2.4984619019582155
2.49846965056296
2.4984198806786395
2.4983873961433645
2.4984288213764216
2.4984163043995267
2.4984207747484177
2.4984344838183503
2.4983897803294397
2.498426139167087
2.498332559863634
2.4983179567239233
2.4983233211425926
2.4983298776542995
2.4983572957941647
2.4983260033519272
2.498298585212062
2.498283684049092
2.498213648583132
2.4982154367226883
2.4982464311416663
2.4982777235839038
2.498240172653219
2.498235106257809
2.4982172248622447
2.4982383845136624
2.498246133118407
2.498196661257346
2.498161494512736
2.4981418249776155
2.498199045443421
2.498133182303093
2.4981316921867958
2.4981647727685896
2.4981877205595637
2.4980798361396594
2.4980583784649824
2.4981167910238256
2.49812453962857
2.4981254336983483
2.4980738756744714
2.498103081953893
2.4980741736977308
2.498117983116863
2.498106956256265
2.4980348346274894
2.4980527160230537
2.497986554859466
2.498020529511038
2.498050629860238
2.498035132650749
2.4980103967202183
2.49800950265044
2.498006522417846
2.4979537723009315
2.4979642031150107
2.4979266521843257
2.4979698655569393
2.4979507920683375
2.497940957300777
2.4979361889286267
2.497945427649668
2.497955560440488
2.4979108569515773
2.4979421493938148
2.4978402254390986
2.4978908893931973
2.4978756902069676
2.4978673455557043
2.497870921834817
2.4978902933466784
2.49782949660176
2.4978643653231103
2.4978336689273917
2.497883438811712
2.4977928397408533
2.4977913496245563
2.4977833029965524
2.4977928397408533
2.4978223440435343
2.497766017647507
2.497802972531673
2.4977728721824732
2.4977532026473526
2.4978116152061958
2.4978113171829364
2.497813105322493
2.4976736304370917
2.497687935553543
2.4977168438097053
2.497747540205424
2.497716545786446
2.4977022406699945
2.4976846572976896
2.497746050089127
2.4976795909022798
2.4976795909022798
2.4977022406699945
2.4977287647400814
2.497612535668914
2.497647404390264
2.4976190921806207
2.497597932529203
2.4976676699719036
2.4976566431113056
2.497667967995163
2.497600018692019
2.497617900087583
2.4976482984600423
2.4976012107850565
2.4976456162507077
2.497538029854063
2.497592866133793
2.497577368924304
2.497577964970823
2.497576474854526
2.497591972064015
2.4975281950865025
2.497552334970514
2.4975907799709773
2.497538923923841
2.4975907799709773
2.4975681302032626
2.4975466725285855
2.4975311753190965
2.497448324852982
2.497458457643802
2.497467994388103
2.497483491597592
2.4975112077607164
2.4974715706672157
2.497494816481449
2.4974668022950652
2.4975171682259045
2.4974957105512274
2.4974891540395205
2.4974787232254414
2.4974840876441107
2.4974915382255958
2.497501969039675
2.4973726269450935
2.4973911043871766
2.497426867178305
2.497391998456955
2.4974387881086813
2.4974131581083725
2.497396468805846
2.497377991363763
2.4973687526427213
2.4973750111311688
2.4973800775265786
2.497390806363917
2.497413456131632
2.4974375960156436
2.497391998456955
2.4974206086898576
2.497316896595585
2.497362494154274
2.4973392483400403
2.497323453107292
2.497318386711882
2.4973112341536563
2.49730437961869
2.4973171946188444
2.4973142143862503
2.4973461028750066
2.4973621961310144
2.497318386711882
2.497348785084341
2.4973145124095097
2.4973645803170896
2.4973326918283334
2.4973157045025474
2.497231959966655
2.4972215291525757
2.497287392292904
2.4972176548502034
2.49721944298976
2.4972352382225083
2.4972501393854785
2.4972701069438585
2.4972230192688727
2.497257887990223
2.4972236153153915
2.4972584840367418
2.4972382184551023
2.497277855548603
2.497275471362528
2.497254907757629
2.497242390780734
2.497251331478516
2.4972480532226626
2.4971771236869245
2.4971935149661917
2.497202455663974
2.4971571561285444
2.497181296012556
2.4971404668260178
2.4971666928728453
2.4972075220593837
2.497180401942778
2.4971529838029127
2.4972066279896055
2.4971961971755263
2.4971801039195185
2.497170269151958
2.4971666928728453
2.497173845431071
2.4971792098497403
2.4971917268266353
2.4972042438035302
2.4971476193842435
2.4971720572915146
2.4971270557793446
2.497083246360212
2.497116922988525
2.4970814582206557
2.497130334035198
2.497101425779036
2.497085332523028
2.4970790740345805
2.4971321221747544
2.4971196051978595
2.4971109625233368
2.4971121546163744
2.497122883453713
2.497127949849123
2.4971321221747544
2.4970829483369528
2.4970960613603665
2.4971193071746
2.4970781799648023
2.497108876360521
2.497071325429836
2.4971100684535585
2.497075795778727
2.4970501657784183
2.4970296021735194
2.4970000978708384
2.496987878917203
2.4970504638016777
2.4970415231038956
2.497035264615448
2.497038244848042
2.497040927057377
2.497041225080636
2.49704927170864
2.4969995018243196
2.497006356359286
2.497035860661967
2.497058808452941
2.497018873336181
2.497043311243452
2.4970045682197295
2.497046291476046
2.4970084425221017
2.4969893690335
2.497027217987444
2.497010230661658
2.4969881769404623
2.497049867755159
2.4970325824061135
2.497026323917666
2.4969530101958526
2.4969381090328824
2.4969455596143675
2.496945857637627
2.4969631429866723
2.4969699975216386
2.4969825144985336
2.4969300624048785
2.496942281358514
2.4969729777542327
2.4969264861257656
2.4969571825214842
2.4969166513582053
2.496957778568003
2.4969214197303558
2.4969589706610407
2.49693423473051
2.4969846006613494
2.496967315312304
2.496937811009623
2.496923207869912
2.4969205256605775
2.4969816204287554
2.496972381707714
2.4969726797309733
2.496967911358823
2.496967315312304
2.496981918452015
2.4969804283357178
2.4969220157768746
2.4968525763574334
2.4968716498460353
2.496896385776566
2.4968436356596513
2.496870755776257
2.4968996640324193
2.496853172403952
2.496889829264859
2.496851682287655
2.4968904253113777
2.496852278334174
2.4968999620556787
2.4968749281018887
2.4968498941480988
2.4969059225208667
2.496881782636855
2.4968716498460353
2.496858238799362
2.496836185078166
2.49690920077672
2.4969086047302014
2.496906220544126
2.496897875892863
2.496901750195235
2.4969050284510885
2.496837377171204
2.496840357403798
2.4968579407761027
2.4968704577529977
2.4968925114741936
2.4968364831014256
2.4968636032180314
2.496877312287964
2.4968406554270572
2.4968564506598057
2.496895193683528
2.496781348798436
2.4968174096128237
2.496787309263624
2.496821283915196
2.4967971440311842
2.496762275309834
2.496818303682602
2.4967855211240675
2.4967715140308755
2.496827244380384
2.4967974420544436
2.4967831369379923
2.496782838914733
2.496765851588947
2.4967619772865746
2.496831714729275
2.496833204845572
2.496823370078012
2.496824860194309
2.496758699030721
2.4967619772865746
2.4967691298448003
2.496778666589101
2.4967890974031803
2.4968045946126693
2.4968230720547524
2.4967589970539805
2.496791779612515
2.4968075748452634
2.4967655535656874
2.496776282403026
2.4968159194965267
2.4967825408914734
2.496800720310297
2.4967655535656874
2.4967980381009625
2.496766745658725
2.496810257054598
2.4967750903099883
2.4968180056593425
2.4967905875194774
2.4967640634493904
2.4968165155430455
2.4967169757744045
2.4966979022858027
2.4966830011228325
2.496742307751454
2.4967339631001906
2.4967110153092165
2.4967074390301036
2.4966946240299492
2.496683299146092
2.4966868754252047
2.4967515464724954
2.4966853853089077
2.496684789262389
2.4967536326353112
2.4966865774019453
2.496691643797355
2.4967074390301036
2.4967095251929194
2.49671935996048
2.4967384334490816
2.496687173448464
2.4966895576345394
2.496717273797664
2.496743797867751
2.49668419321587
2.496709823216179
2.4967333670536718
2.496690153681058
2.4967250224024085
2.496746778100345
2.4967038627509908
2.4967405196118975
2.496695220076468
2.4967369433327846
2.496698796355581
2.496741711704935
2.496715187634848
2.4967554207748677
2.4967175718209234
2.496695816122987
2.496750652402717
2.4967220421698144
2.4966999884486185
2.49674916228642
2.49673426112345
2.496715187634848
2.496698200309062
2.496752738565533
2.4967500563561984
2.496728300658262
2.496721744146555
2.4967059489138066
2.496706842983585
2.496701776588175
2.496695220076468
2.4966150518196883
2.496610283447538
2.4966108794940567
2.496614753796429
2.4966248865872487
2.496622204377914
2.4966308470524368
2.4966445561223694
2.4966529007736327
2.4966520067038545
2.4966728683320127
2.496609687401019
2.4966174360057636
2.49663412530829
2.4966526027503733
2.496670186122678
2.496618628098801
2.4966424699595535
2.496659755308599
2.4966144557731695
2.496639787750219
2.4966639276342306
2.4966093893777597
2.4966463442619258
2.4966806169367572
2.496638297633922
2.496662139494674
2.4966314430989556
2.4966624375179336
2.496628760889621
2.496676742634385
2.496628164843102
2.4966692920529
2.496638297633922
2.4966055150753874
2.4966460462386664
2.496617734029023
2.4966749544948286
2.496642171936294
2.4966150518196883
2.496675848564607
2.496646642285185
2.496625184610508
2.496605217052128
2.4966588612388207
2.4966475363549634
2.496633231238512
2.4966061111219062
2.4966725703087533
2.4966588612388207
2.4966505165875574
2.496633827285031
2.496622204377914
2.4966135617033913
2.4966084953079815
2.4966055150753874
2.4966692920529
2.496667205890084
2.4966651197272682
2.496662139494674
2.4966588612388207
2.496663629610971
2.4966683979831217
2.496670186122678
2.4966704841459375
2.496672272285494
2.496680318913498
2.4966093893777597
2.4966204162383576
2.496632635191993
2.4966374035641437
2.4966570730992643
2.4966529007736327
2.496677338680904
2.496611773563835
2.4966329332152526
2.4966463442619258
2.496584653447229
2.4965995546101993
2.4965494867026194
2.496576606819225
2.4965849514704885
2.4965348835629086
2.49656915623774
2.496583163330932
2.496538757865281
2.496560811586477
2.4965849514704885
2.4965384598420215
2.4965703483307777
2.4965980644939023
2.4965599175166986
2.4965849514704885
2.496546804493285
2.496582269261154
2.496532797400093
2.496578692982041
2.49653428751639
2.496572732516853
2.496532797400093
2.4965640898423302
2.4965518708886947
2.4965855475170073
2.496549784725879
2.496591209958936
2.496556639260845
2.4965333934466116
2.4965775008890034
2.4965515728654353
2.496604621005609
2.496563195772552
2.4965450163537284
2.4965938921682707
2.4965670700749243
2.496543228214172
2.4966010447264964
2.496573626586631
2.496553659028251
2.4965324993768334
2.4965864415867856
2.4965670700749243
2.496558129377142
2.4965324993768334
2.496600746703237
2.49657422263315
2.4965569372841045
2.4965554471678075
2.4965298171674988
2.4966004486799775
2.496585249493748
2.4965804811215975
2.496567666121443
2.4965554471678075
2.496547102516544
2.4965459104235066
2.496546208446766
2.496602236819534
2.4965298171674988
2.4965944882147895
2.4965995546101993
2.4965870376333044
2.496585249493748
2.496592700075233
2.4965783949587816
2.496590315889158
2.4965855475170073
2.496587633679823
2.4965968724008647
2.496596276354346
2.4965938921682707
2.4965298171674988
2.496531605307055
2.4965339894931304
2.4965435262374314
2.496547102516544
2.4965640898423302
2.496562301702774
2.4965813751913757
2.496591209958936
2.4965864415867856
2.4965375657722433
2.4965390558885403
2.49655932147018
2.496569752284259
2.4965873356565638
2.496596276354346
2.49653428751639
2.4965530629817323
2.4965679641447025
2.4965825672844133
2.496533095423352
2.4965444203072096
2.4965685601912213
2.496592700075233
2.4965295191442394
2.4965560432143263
2.4965745206564094
2.4965953822845677
2.4965348835629086
2.496573626586631
2.496596276354346
2.496541738097875
2.4965664740284055
2.496590315889158
2.496542632167653
2.4965733285633718
2.496601640773015
2.496552168911954
2.496586143563526
2.4966034289125716
2.4965640898423302
2.4965995546101993
2.4965485926328412
2.496586143563526
2.496539651935059
2.4965745206564094
2.4965339894931304
2.496566772051665
2.496597170424124
2.496493756353111
2.4965128298417127
2.496476769027325
2.4965199823999384
2.4964803453064377
2.4965268369349047
2.4964749808877684
2.4965229626325325
2.4964794512366595
2.4965274329814235
2.4964955444926673
2.4964594836782794
2.496500610888077
2.49645918565502
2.4965050812369682
2.4964749808877684
2.496518790306901
2.4964869018181446
2.496455609375907
2.4965015049578554
2.4964690204225803
2.4965235586790513
2.496479749259919
2.4964618678643546
2.496504783213709
2.4964895840274792
2.49652415472557
2.496505677283487
2.496470212515618
2.49652415472557
2.4965098496091187
2.496480643329697
2.4964630599573923
2.496504783213709
2.496494650422889
2.4964588876317606
2.4965208764697167
2.4964949484461485
2.4964803453064377
2.496453225189832
2.496511637748675
2.496490776120517
2.496472596701693
2.4965280290279424
2.496507167399784
2.4964934583298515
2.4964708085621368
2.4964633579806517
2.4965208764697167
2.496503591120671
2.496486305771626
2.496472298678434
2.49645918565502
2.496517300190604
2.496510147632378
2.496487795887923
2.4964830275157723
2.4964588876317606
2.496527731004683
2.496518790306901
2.4965068693765247
2.496496140539186
2.496482133445994
2.4964788551901407
2.4964624639108735
2.49645918565502
2.4965235586790513
2.4965178962371226
2.496506273330006
2.4964970346089643
2.496490180073998
2.49648421960881
2.4964773650738437
2.496479749259919
2.496465742166727
2.4964630599573923
2.4964603777480576
2.496458589608501
2.496527731004683
2.4965268369349047
2.4965143199580098
2.4965184922836414
2.4965095515858593
2.496508657516081
2.4965083594928217
2.4965003128648178
2.4965110417021563
2.496503293097412
2.496498226702002
2.4965128298417127
2.4965059753067464
2.496507167399784
2.4965053792602276
2.4965050812369682
2.4965143199580098
2.496507763446303
2.4965119357719345
2.496527731004683
2.4965164061208256
2.4964538212363507
2.4964568014689448
2.4965259428651265
2.4964633579806517
2.4964609737945764
2.496470212515618
2.496467232283024
2.496483623562291
2.4964910741437762
2.4964940543763703
2.4965003128648178
2.4965155120510474
2.4965193863534196
2.4965235586790513
2.4965283270512018
2.496462165887614
2.49648421960881
2.4964788551901407
2.496499716818299
2.4964973326322237
2.4965170021673444
2.4965250487953483
2.496457099492204
2.4964633579806517
2.496485709725107
2.496495246469408
2.4964955444926673
2.496519684376679
2.4965229626325325
2.4964699144923586
2.496481239376216
2.4964925642600733
2.496510147632378
2.4965178962371226
2.4964645500736893
2.496471702631915
2.4964958425159267
2.496505677283487
2.4965244527488295
2.4964609737945764
2.496470212515618
2.496492266236814
2.4965095515858593
2.496526240888386
2.496462761934133
2.4964830275157723
2.4965023990276336
2.4965184922836414
2.496473788794731
2.4964773650738437
2.4964988227485208
2.4965244527488295
2.4964624639108735
2.4964824314692535
2.4965044851904494
2.4965229626325325
2.496468722399321
2.496487199841404
2.4965155120510474
2.4965265389116453
2.496482133445994
2.49650418716719
2.4965164061208256
2.4964728947249526
2.496492266236814
2.4965149160045286
2.4964568014689448
2.4964824314692535
2.4965050812369682
2.4964559073991666
2.4964785571668813
2.4965053792602276
2.496527134958164
2.496476172980806
2.496501802981115
2.496527134958164
2.4964800472831783
2.4965029950741524
2.4965274329814235
2.4964749808877684
2.496507763446303
2.4964565034456854
2.496483623562291
2.4965128298417127
2.496463656003911
2.4964934583298515
2.496517300190604
2.4964708085621368
2.496507167399784
2.4965190883301602
2.4964809413529565
2.496502101004374
2.4964663382132457
2.4964910741437762
2.4965164061208256
2.4964728947249526
2.4965095515858593
2.496458589608501
2.4964934583298515
2.4965220685627543
2.4964749808877684
2.496505677283487
2.4964660401899863
2.4964943523996297
2.4965268369349047
2.4964854117018476
2.4965190883301602
2.4964690204225803
2.4965023990276336
2.4964639540271705
2.496493160306592
2.4964568014689448
2.4964854117018476
2.496521770539495
2.4964788551901407
2.496519684376679
2.4964693184458397
2.496503591120671
2.4964633579806517
2.4965003128648178
2.496458589608501
2.496493756353111
2.4965280290279424
2.496487199841404
2.4965214725162355
2.496482729492513
2.4965178962371226
2.496479749259919
2.496514617981269
2.496477663097103
2.496516108097566
2.4964815373994753
2.4965164061208256
2.496471702631915
2.4965083594928217
2.4964743848412496
2.4965125318184533
2.4964714046086556
2.4965083594928217
2.496476172980806
2.496518194260382
2.496476172980806
2.4965080614695623
2.4964913721670356
2.496516108097566
2.4964794512366595
2.4964538212363507
2.496488093911182
2.4964579935619824
2.496486603794885
2.496461271817836
2.4964994187950396
2.4964639540271705
2.4965053792602276
2.496468126352802
2.496508657516081
2.496472596701693
2.496513723911491
2.4964800472831783
2.4965238567023107
2.4964874978646634
2.4964579935619824
2.4965029950741524
2.49646425205043
2.4965068693765247
2.4964699144923586
2.4965193863534196
2.4964845176320694
2.4964550133293884
2.4964928622833327
2.496462165887614
2.4965089555393405
2.4964764710040654
2.4965205784464573
2.496494650422889
2.496459781701539
2.4964940543763703
2.4964755769342872
2.496511637748675
2.496485709725107
2.4965244527488295
2.4964955444926673
2.4964660401899863
2.4965128298417127
2.496486603794885
2.4965244527488295
2.496495246469408
2.496472596701693
2.4965193863534196
2.496488093911182
2.496524750772089
2.4965053792602276
2.496472596701693
2.4965178962371226
2.4964898820507386
2.4964609737945764
2.4965134258882316
2.4964791532134
2.496527134958164
2.496502101004374
2.4964785571668813
2.496517598213863
2.496498226702002
2.496457695538723
2.4965140219347504
2.496486305771626
2.4964618678643546
2.496503293097412
2.4964845176320694
2.496526240888386
2.4965059753067464
2.4964779611203625
2.49652415472557
2.496499716818299
2.4964714046086556
2.496525644841867
2.496496736585705
2.4964660401899863
2.4965220685627543
2.496487199841404
2.4964734907714714
2.496515810074307
2.4964988227485208
2.4964693184458397
2.496520280423198
2.496505677283487
2.4964645500736893
2.4965220685627543
2.496491670190295
2.496471702631915
2.4965178962371226
2.4965009089113366
2.4964663382132457
2.49645918565502
2.496496140539186
2.496409713793959
2.496376633212165
2.4964272971662638
2.4964040513520303
2.4963822956540938
2.4964380260036023
2.4964159722824064
2.496391236351876
2.4964389200733805
2.4964225287941133
2.496402263212474
2.4963837857703908
2.4964258070499667
2.49641418414285
2.4964520330967943
2.496440112166418
2.496409713793959
2.4963939185612105
2.4964478607711627
2.4964264030964856
2.496402263212474
2.496380209491278
2.4964413042594558
2.496413588096331
2.496396600770545
2.4964520330967943
2.4964323635616736
2.4963918323983947
2.4963888521658006
2.4964374299570835
2.49642908530582
2.496385573909947
2.4964514370502755
2.4964299793755984
2.496417760421963
2.4963885541425412
2.496444582515309
2.496432661584933
2.4964070315846243
2.4963915343751353
2.496444582515309
2.4964350457710083
2.4964058394915867
2.4963888521658006
2.496441602282715
2.496423720887151
2.496399581003139
2.4963933225146917
2.496436237864046
2.496433257631452
2.4964058394915867
2.496381103561056
2.49644428449205
2.4964153762358876
2.4964109058869965
2.496387064026244
2.4964505429804973
2.4964180584452222
2.4964165683289252
2.4963903422820977
2.496450244957238
2.4964198465847787
2.4964123960032936
2.4963924284449135
2.496451735073535
2.496435641817527
2.4964153762358876
2.4964019651892144
2.496387064026244
2.4964433904222716
2.496423720887151
2.496406137514846
2.4963963027472857
2.4964439864687904
2.496427595189523
2.496416270305666
2.496398090886842
2.496378719374981
2.4964383240268617
2.496422230770854
2.496407627631143
2.496392130421654
2.4964419003059746
2.496437131933824
2.4964153762358876
2.4964034553055114
2.496385275886688
2.4964359398407865
2.496432661584933
2.496415674259147
2.4963939185612105
2.4963760371656463
2.496448754840941
2.4964210386778163
2.496420740654557
2.4963924284449135
2.4963799114680185
2.4964424963524934
2.4964323635616736
2.4964123960032936
2.4963954086775075
2.4963879580960224
2.496442794375753
2.4964344497244895
2.4964129920498124
2.496401667165955
2.496380209491278
2.4964514370502755
2.4964284892593014
2.496412097980034
2.4964040513520303
2.496387064026244
2.496450244957238
2.4964314694918954
2.4964168663521846
2.4964088197241807
2.4963963027472857
2.496380209491278
2.496441602282715
2.496436237864046
2.4964117999567748
2.4963989849566204
2.49638915018906
2.496376633212165
2.4964383240268617
2.496418654491741
2.4964094157706995
2.4963915343751353
2.4963933225146917
2.496443092399012
2.4964293833290796
2.496415078212628
2.496406733561365
2.4963939185612105
2.4963805075145373
2.496444582515309
2.4964225287941133
2.4964204426312975
2.4963974948403234
2.496400177049658
2.4963775272819433
2.4964424963524934
2.4964278932127826
2.49641418414285
2.49641418414285
2.4963945146077293
2.496386169956466
2.4964413042594558
2.4964404101896776
2.496416270305666
2.4964094157706995
2.4963963027472857
2.4963793154214997
2.4963864679797254
2.4964308734453766
2.496432661584933
2.496411203910256
2.4964129920498124
2.4963858719332066
2.496380209491278
2.4964410062361964
2.496427595189523
2.496426105073226
2.49639421658447
2.496404647398549
2.4963763351889057
2.4963799114680185
2.4964350457710083
2.4964264030964856
2.496416270305666
2.4964034553055114
2.4964013691426956
2.4963775272819433
2.4963822956540938
2.496442198329234
2.4964314694918954
2.4964210386778163
2.496400177049658
2.4964055414683273
2.496448158794422
2.4964520330967943
2.496437727980343
2.496433257631452
2.496417164375444
2.496402263212474
2.4964019651892144
2.4963873620495036
2.4963808055377967
2.496438622050121
2.4964395161198993
2.4964293833290796
2.4964079256544025
2.4964043493752897
2.4963864679797254
2.4963828917006126
2.496450244957238
2.49643921809664
2.496428787282561
2.496421634724335
2.496412694026553
2.49639928297988
2.496392130421654
2.4963775272819433
2.4964475627479032
2.4964320655384142
2.4964329596081924
2.4964234228638915
2.496405243445068
2.496402263212474
2.49638915018906
2.4963885541425412
2.4964395161198993
2.4964404101896776
2.4964335556547113
2.496428787282561
2.4964123960032936
2.4964013691426956
2.496392726468173
2.4963814015843155
2.4963775272819433
2.496440112166418
2.4964395161198993
2.4964219327475945
2.4964183564684816
2.496406137514846
2.496395706700767
2.4963918323983947
2.4963805075145373
2.4963778253052027
2.496437131933824
2.4964308734453766
2.496420144608038
2.4964165683289252
2.4964040513520303
2.496400773096177
2.4963885541425412
2.4963778253052027
2.496447264724644
2.4964424963524934
2.4964395161198993
2.4964183564684816
2.496417760421963
2.496412097980034
2.496403157282252
2.4963918323983947
2.4963843818169096
2.496379613444759
2.496437727980343
2.4964490528642003
2.496420740654557
2.496426105073226
2.4964085217009213
2.496406137514846
2.496395110654248
2.4963968987938046
2.4963775272819433
2.4964460726316062
2.4964505429804973
2.4964338536779707
2.496427595189523
2.4964225287941133
2.4964168663521846
2.4964055414683273
2.49639928297988
2.4964004750729174
2.496381103561056
2.4963778253052027
2.496451735073535
2.496440708212937
2.4964380260036023
2.4964183564684816
2.4964243169336697
2.4964058394915867
2.4964058394915867
2.4963894482123195
2.4963924284449135
2.496377229258684
2.4963760371656463
2.496445774608347
2.4964344497244895
2.4964380260036023
2.4964213367010757
2.496423124840632
2.4964129920498124
2.4964040513520303
2.4963968987938046
2.4963858719332066
2.496390640305357
2.4963790173982403
2.496448158794422
2.496433257631452
2.496436237864046
2.496423720887151
2.496417164375444
2.496415078212628
2.496402263212474
2.4964034553055114
2.4963888521658006
2.4963948126309887
2.496377229258684
2.4964460726316062
2.4964475627479032
2.4964359398407865
2.496431171468636
2.496426105073226
2.4964272971662638
2.4964123960032936
2.4964153762358876
2.4964085217009213
2.496387064026244
2.496395110654248
2.4963819976308343
2.496382593677353
2.4964374299570835
2.4964520330967943
2.4964350457710083
2.4964299793755984
2.496428191236042
2.496415078212628
2.496412097980034
2.496400773096177
2.496406137514846
2.496392130421654
2.4963930244914323
2.4963849778634284
2.4963793154214997
2.496450244957238
2.496434747747749
2.4964469667013844
2.496423124840632
2.4964255090267073
2.49641925053826
2.496417760421963
2.4964159722824064
2.496401071119436
2.496396600770545
2.49639421658447
2.49638915018906
2.4963808055377967
2.496382593677353
2.496446668678125
2.496448158794422
2.4964448805385686
2.4964284892593014
2.496426105073226
2.4964258070499667
2.4964138861195906
2.496416270305666
2.496409713793959
2.4964019651892144
2.4963915343751353
2.496392130421654
2.4963873620495036
2.4963828917006126
2.496449648910719
2.4964433904222716
2.4964413042594558
2.4964359398407865
2.4964344497244895
2.4964258070499667
2.4964243169336697
2.4964180584452222
2.4964189525150005
2.496403753328771
2.4963983889101016
2.4963983889101016
2.4964004750729174
2.496386766002985
2.4963834877471314
2.496378123328462
2.4963760371656463
2.4964508410037567
2.496442794375753
2.4964350457710083
2.4964353437942677
2.49642908530582
2.4964249129801885
2.4964168663521846
2.4964153762358876
2.496416270305666
2.496406733561365
2.496396600770545
2.4963933225146917
2.4963963027472857
2.4963888521658006
2.496385275886688
2.4964508410037567
2.4964508410037567
2.4964469667013844
2.4964454765850874
2.496441602282715
2.49643415170123
2.496428787282561
2.496421634724335
2.4964225287941133
2.4964132900730718
2.496415674259147
2.4964115019335154
2.4964013691426956
2.4963998790263986
2.49639421658447
2.496398090886842
2.4963822956540938
2.496392726468173
2.4964499469339785
2.496378719374981
2.496441602282715
2.49643921809664
2.4964398141431587
2.4964335556547113
2.496442198329234
2.4964195485615193
2.496426105073226
2.496423720887151
2.496411203910256
2.4964153762358876
2.496403753328771
2.4964070315846243
2.496397196817064
2.496406733561365
2.496386766002985
2.4963909383286165
2.4963879580960224
2.4964499469339785
2.4963864679797254
2.4964469667013844
2.496448754840941
2.496434747747749
2.4964454765850874
2.496437131933824
2.4964272971662638
2.496431767515155
2.496423720887151
2.4964264030964856
2.4964165683289252
2.496422230770854
2.496407627631143
2.496415078212628
2.4964004750729174
2.496395706700767
2.496392726468173
2.4963903422820977
2.4963939185612105
2.496385275886688
2.496392726468173
2.496448158794422
2.496445774608347
2.4963822956540938
2.496440708212937
2.4964368339105647
2.4964335556547113
2.4964380260036023
2.4964278932127826
2.496425211003448
2.4964240189104103
2.496417164375444
2.4964255090267073
2.496415078212628
2.496415078212628
2.496409713793959
2.4964117999567748
2.496403753328771
2.496398686933361
2.496400177049658
2.4963843818169096
2.4963968987938046
2.4963822956540938
2.496378123328462
2.4963819976308343
2.4963828917006126
2.4964478607711627
2.4964475627479032
2.4964493508874597
2.496438622050121
2.4964380260036023
2.496432661584933
2.496432661584933
2.49642908530582
2.4964210386778163
2.496420740654557
2.496418654491741
2.4964153762358876
2.4964132900730718
2.496412694026553
2.4964103098404777
2.496408223677662
2.496403753328771
2.4963989849566204
2.496400773096177
2.496392726468173
2.4963954086775075
2.4963775272819433
2.4963885541425412
2.496379613444759
2.4964505429804973
2.4963808055377967
2.4964478607711627
2.496440708212937
2.496447264724644
2.496441602282715
2.496436237864046
2.4964433904222716
2.496437131933824
2.4964323635616736
2.496434747747749
2.4964228268173727
2.4964213367010757
2.496412694026553
2.4964293833290796
2.4964129920498124
2.49641418414285
2.496416270305666
2.4964079256544025
2.4964058394915867
2.496399581003139
2.4964028592589926
2.496397196817064
2.4963924284449135
2.4963963027472857
2.4963909383286165
2.4963843818169096
2.4963849778634284
2.4964484568176815
2.4963799114680185
2.4963819976308343
2.496379613444759
2.496451139027016
2.4964383240268617
2.4964433904222716
2.4964398141431587
2.496435641817527
2.4964413042594558
2.4964365358873053
2.4964320655384142
2.496430277398858
2.4964255090267073
2.4964249129801885
2.496414780189369
2.4964204426312975
2.496406733561365
2.496414780189369
2.4963998790263986
2.496403753328771
2.496404647398549
2.4963968987938046
2.496411203910256
2.4963960047240263
2.4963989849566204
2.4963915343751353
2.4964019651892144
2.4963915343751353
2.496381699607575
2.4963879580960224
2.496383189723872
2.4963915343751353
2.4963763351889057
2.4963805075145373
2.4963814015843155
2.4963793154214997
2.4964505429804973
2.496441602282715
2.496444582515309
2.4964395161198993
2.4964469667013844
2.4964320655384142
2.496435641817527
2.496431171468636
2.4964293833290796
2.4964353437942677
2.496427595189523
2.4964264030964856
2.496420144608038
2.49642908530582
2.4964129920498124
2.4964219327475945
2.4964195485615193
2.496414780189369
2.4964144821661094
2.496405243445068
2.4964094157706995
2.4964049454218085
2.4964085217009213
2.4964043493752897
2.496395110654248
2.4963974948403234
2.496398090886842
2.496396600770545
2.4963900442588383
2.496395706700767
2.496380209491278
2.4963864679797254
2.496384679840169
2.496451735073535
2.496385573909947
2.4964490528642003
2.4964478607711627
2.4963763351889057
2.496449648910719
2.496440708212937
2.4964433904222716
2.496445774608347
2.4964404101896776
2.4964493508874597
2.4964359398407865
2.496438622050121
2.4964359398407865
2.4964380260036023
2.4964272971662638
2.496434747747749
2.496430277398858
2.496423720887151
2.4964264030964856
2.496422230770854
2.496422230770854
2.4964180584452222
2.4964159722824064
2.4964144821661094
2.496423720887151
2.4964138861195906
2.496406733561365
2.4964117999567748
2.496406137514846
2.496398686933361
2.4964129920498124
2.4963977928635828
2.496407627631143
2.4963915343751353
2.49639421658447
2.496404647398549
2.496389746235579
2.4963968987938046
2.496387064026244
2.4963983889101016
2.4963858719332066
2.4963915343751353
2.4963805075145373
2.4963843818169096
2.4963885541425412
2.4964493508874597
2.496382593677353
2.4963763351889057
2.496378123328462
2.4964484568176815
2.4963819976308343
2.4964413042594558
2.4964490528642003
2.4964475627479032
2.4964424963524934
2.4964439864687904
2.4964404101896776
2.496446668678125
2.4964359398407865
2.4964365358873053
2.4964359398407865
2.4964269991430044
2.4964374299570835
2.4964368339105647
2.4964329596081924
2.4964249129801885
2.496427595189523
2.4964269991430044
2.4964180584452222
2.496423720887151
2.4964225287941133
2.4964195485615193
2.4964210386778163
2.4964189525150005
2.4964174623987034
2.496410607863737
2.496413588096331
2.4964109058869965
2.496411203910256
2.496408223677662
2.4964058394915867
2.496412097980034
2.4963989849566204
2.496409713793959
2.4963963027472857
2.4964064355381055
2.4963948126309887
2.496392726468173
2.496393620537951
2.496395706700767
2.4963989849566204
2.4963793154214997
2.4963894482123195
2.4963909383286165
2.496391236351876
2.49638408379365
2.4963843818169096
2.496387660072763
2.4963849778634284
2.4963849778634284
2.4963769312354245
2.496382593677353
2.496451139027016
2.4964493508874597
2.4964433904222716
2.496451735073535
2.4964493508874597
2.4964410062361964
2.496450244957238
2.496440112166418
2.496444582515309
2.4964398141431587
2.496440708212937
2.4964454765850874
2.4964383240268617
2.496443092399012
2.4964350457710083
2.4964344497244895
2.4964293833290796
2.4964335556547113
2.496428787282561
2.496424614956929
2.4964329596081924
2.496429681352339
2.4964258070499667
2.4964189525150005
2.496424614956929
2.4964243169336697
2.4964204426312975
2.4964198465847787
2.4964213367010757
2.4964159722824064
2.4964174623987034
2.4964088197241807
2.4964132900730718
2.49641418414285
2.4964129920498124
2.4964034553055114
2.4964064355381055
2.4964115019335154
2.496412694026553
2.4964079256544025
2.496399581003139
2.496403753328771
2.496398686933361
2.4964055414683273
2.4963977928635828
2.496401071119436
2.4963954086775075
2.4963998790263986
2.496395706700767
2.49639421658447
2.49639421658447
2.496400773096177
2.496392726468173
2.4963885541425412
2.496392726468173
2.4963834877471314
2.496392726468173
2.4963849778634284
2.4963903422820977
2.4963834877471314
2.496390640305357
2.4963799114680185
2.496380209491278
2.496384679840169
2.496378123328462
2.4964520330967943
2.4963778253052027
2.4963760371656463
2.4963760371656463
2.4963837857703908
2.496450244957238
2.496451139027016
2.4964478607711627
2.496444582515309
2.496451139027016
2.496443092399012
2.4964460726316062
2.496448754840941
2.496445774608347
2.4964374299570835
2.4964514370502755
2.4964395161198993
2.4964359398407865
2.4964383240268617
2.4964439864687904
2.496438622050121
2.4964368339105647
2.496436237864046
2.4964323635616736
2.4964380260036023
2.496430277398858
2.496428191236042
2.496431767515155
2.4964410062361964
2.496429681352339
2.496423124840632
2.4964264030964856
2.4964264030964856
2.4964213367010757
2.4964278932127826
2.4964165683289252
2.496421634724335
2.4964249129801885
2.496422230770854
2.4964132900730718
2.496420740654557
2.4964210386778163
2.496418654491741
2.496415078212628
2.496420740654557
2.496420740654557
2.4964049454218085
2.4964153762358876
2.496406137514846
2.4964123960032936
2.496412694026553
2.4964115019335154
2.496406733561365
2.4964103098404777
2.4964055414683273
2.4964019651892144
2.4964025612357332
2.496400773096177
2.496395706700767
2.496400177049658
2.49639928297988
2.4963963027472857
2.496400177049658
2.4963960047240263
2.496391236351876
2.4963945146077293
2.496398686933361
2.4963888521658006
2.496390640305357
2.4963977928635828
2.4963903422820977
2.496395110654248
2.496382593677353
2.49639421658447
2.496378123328462
2.4963960047240263
2.4963760371656463
2.4963918323983947
2.4964433904222716
2.496402263212474
2.4964293833290796
2.496406137514846
2.496409713793959
2.4964249129801885
2.496397196817064
2.4964314694918954
2.4964475627479032
2.4963933225146917
2.496381103561056
2.496426105073226
2.4963885541425412
2.4964669342597645
2.496488689957701
2.4965503807723977
2.496566772051665
2.4966216083313952
2.496636211471106
2.496751844495755
2.496720254030258
2.4968159194965267
2.4967759843797666
2.496853172403952
2.496903240311532
2.4969494339167397
2.496948837870221
2.4970480796156025
2.4970054622895077
2.49700933659188
2.497076391825246
2.497064768918129
2.497178911826481
2.497212290431534
2.497215866710647
2.497245967059847
2.4973061677582464
2.497310340083878
2.4974137541548913
2.4974030253175528
2.4974992868303403
2.4974566695042455
2.4974566695042455
2.497562467761334
2.4975460764820667
2.497633397297072
2.497605383110688
2.497678994855761
2.497711479391036
2.4976950881117688
2.497788071368703
2.4977597591590595
2.4978527424159935
2.4978852269512686
2.497889995323419
2.4979221818354347
2.4979168174167654
2.4980077145108837
2.4980017540456956
2.498010098696959
2.49805957055802
2.4980792400931406
2.4982017276527557
2.498199045443421
2.4981722233500747
2.498250603467298
2.4982172248622447
2.4982869623049453
2.498317062654145
2.498311698235476
2.498427033236865
2.498418092539083
2.498378157422323
2.498449086958061
2.4984765050979263
2.4985569713779654
2.4985739587037514
2.49857962114568
2.4986124037042146
2.4986115096344363
2.4986374376580045
2.498721182193897
2.498687803588844
2.4986889956818814
2.4987989662646015
2.498811185218237
2.4987885354505224
2.4988695977770803
2.4988454578930686
2.498937845103484
2.498917281498585
2.4989429114988937
2.499007880569444
2.499037682895384
2.499032318476715
2.4990624188259147
2.4990731476632533
2.499117851152164
2.4990469216164257
2.4991831182459734
2.499196231269387
2.499187886618124
2.499210834409098
2.4992024897578347
2.499250769525858
2.499330937782638
2.4993085860381825
2.4993151425498894
2.4993821977832553
2.4994134902254928
2.4994030594114136
2.499451935225956
2.499458789760922
2.4994990229009417
2.4994575976678846
2.499517798366284
2.4995550512737097
2.4995517730178562
2.499607503367365
2.499606013251068
2.499615848018628
2.4996823072054752
2.499721944298976
2.499722540345495
2.4997067451127464
2.499778866741522
2.4997988342999022
2.4997895955788607
2.4997642636018114
2.4998748302310503
2.499849498254001
2.499837875346884
2.4998888373242423
2.499941587441157
2.499893903719652
2.4999141693012916
2.499994039534812
2.499999403953481
2.4999931454650337
2.5000336766283127
2.5000217556979365
2.4999672174414656
2.500019073488602
2.500018477442083
2.4999928474417743
2.499983906743992
2.4999877810463644
2.5000247359305305
2.500007450581485
2.499979436395101
2.5000306963957186
2.500036060814388
2.4999791383718417
2.499992549418515
2.5000172853490454
2.4999648332553903
2.4999827146509546
2.5000086426745227
2.5000226497677147
2.4999943375580713
2.4999982118604436
2.4999642372088715
2.4999818205811764
2.5000172853490454
2.5000163912792672
2.499998509883703
2.4999961256976277
2.4999856948835486
2.4999707937205784
2.499967515464725
2.50002503395379
2.5000277161631246
2.50001996755838
2.5000122189536356
2.500000596046519
2.4999997019767406
2.4999907612789585
2.4999821186044358
2.499971985813616
2.499972581860135
2.499970495697319
2.5000357627911285
2.500032484535275
2.5000256300003088
2.5000238418607523
2.5000193715118613
2.500011920930376
2.50000506639541
2.500013411046673
2.500003576279113
2.4999916553487367
2.4999976158139248
2.4999842047672516
2.4999797344183605
2.4999776482555447
2.499983906743992
2.4999737739531724
2.499966919418206
2.499962449069315
2.4999758601159883
2.5000357627911285
2.4999627470925745
2.5000327825585344
2.5000301003492
2.5000283122096434
2.500031590465497
2.500028908256162
2.500020563604899
2.5000181794188236
2.5000083446512633
2.5000196695351207
2.5000101327908197
2.50001996755838
2.500007450581485
2.500008046628004
2.500013113023414
2.499996423720887
2.500005960465188
2.4999976158139248
2.500008940697782
2.5
2.4999922513952555
2.4999937415115525
2.5000092387210415
2.4999877810463644
2.499991059302218
2.4999937415115525
2.4999916553487367
2.4999922513952555
2.4999877810463644
2.4999901652324397
2.4999842047672516
2.4999922513952555
2.4999767541857665
2.4999776482555447
2.499979436395101
2.499982416627695
2.49998003244162
2.4999818205811764
2.499975562092729
2.4999797344183605
2.4999782443020635
2.4999803304648793
2.4999698996508
2.4999728798833942
2.4999773502322853
2.499977946278804
2.4999707937205784
2.4999728798833942
2.499967515464725
2.499974071976432
2.4999636411623527
2.4999657273251685
2.499973475929913
2.500036954884166
2.49997496604621
2.5000357627911285
2.499973475929913
2.5000333786050533
2.4999746680229507
2.499962449069315
2.4999687075577626
2.4999693036042814
2.500033080581794
2.4999651312786497
2.4999636411623527
2.499969005581022
2.500022947790974
2.500037550930685
2.4999728798833942
2.500033080581794
2.5000378489539443
2.5000336766283127
2.5000321865120156
2.5000336766283127
2.4999618530227963
2.500030994418978
2.499963045115834
2.4999663233716873
2.500028610232903
2.5000378489539443
2.5000327825585344
2.500033080581794
2.500025928023568
2.5000238418607523
2.5000247359305305
2.500034570698091
2.500030398372459
2.5000277161631246
2.499966025348428
2.500023543837493
2.500027418139865
2.5000256300003088
2.5000211596514177
2.500032484535275
2.500020563604899
2.5000333786050533
2.500017583372305
2.5000271201166058
2.5000298023259404
2.50002503395379
2.5000247359305305
2.500022947790974
2.5000217556979365
2.5000217556979365
2.5000333786050533
2.500016093256008
2.500025928023568
2.500022947790974
2.5000232458142335
2.500021457674677
2.5000232458142335
2.5000247359305305
2.5000232458142335
2.50002503395379
2.5000241398840117
2.500021457674677
2.5000253319770493
2.5000163912792672
2.5000336766283127
2.5000208616281583
2.500023543837493
2.500013411046673
2.500026524070087
2.500012516976895
2.50002503395379
2.5000226497677147
2.5000196695351207
2.500015497209489
2.5000181794188236
2.5000187754653425
2.500016093256008
2.500022053721196
2.500017583372305
2.5000327825585344
2.5000253319770493
2.5000196695351207
2.5000226497677147
2.5000166893025266
2.5000196695351207
2.5000137090699326
2.5000181794188236
2.50001996755838
2.5000283122096434
2.500011026860598
2.5000137090699326
2.5000157952327484
2.5000151991862296
2.5000163912792672
2.500014007093192
2.5000211596514177
2.5000151991862296
2.50001490116297
2.5000193715118613
2.5000211596514177
2.500018477442083
2.500010430814079
2.5000208616281583
2.5000178813955642
2.5000178813955642
2.500023543837493
2.5000062584884475
2.5000253319770493
2.5000071525582257
2.5000217556979365
2.5000116229071168
2.5000238418607523
2.500014603139711
2.500011920930376
2.500011026860598
2.500016987325786
2.5000163912792672
2.500023543837493
2.500017583372305
2.50000506639541
2.50001996755838
2.500018477442083
2.5000098347675603
2.500017583372305
2.500023543837493
2.500013411046673
2.500016093256008
2.5000292062794216
2.500009536744301
2.5000187754653425
2.500016987325786
2.500012516976895
2.5000143051164514
2.5000122189536356
2.5000151991862296
2.5000223517444553
2.5000151991862296
2.500014603139711
2.500018477442083
2.5000163912792672
2.50001490116297
2.500011026860598
2.5000151991862296
2.5000181794188236
2.5000068545349663
2.500019073488602
2.500016987325786
2.500011026860598
2.5000116229071168
2.500013113023414
2.5000068545349663
2.500011920930376
2.500020563604899
2.5000056624419287
2.5000211596514177
2.500009536744301
2.500028908256162
2.5000071525582257
2.5000151991862296
2.5000101327908197
2.500013113023414
2.500021457674677
2.500008046628004
2.5000116229071168
2.500018477442083
2.500009536744301
2.500010430814079
2.500010430814079
2.500014603139711
2.5000011920930376
2.5000122189536356
2.500013113023414
2.500014007093192
2.500008046628004
2.5000151991862296
2.50001490116297
2.500008046628004
2.5000181794188236
2.5000068545349663
2.500011026860598
2.5000101327908197
2.5000151991862296
2.500014007093192
2.5000101327908197
2.500008940697782
2.500012516976895
2.500011920930376
2.5000101327908197
2.5000047683721505
2.500008940697782
2.5000101327908197
2.5000178813955642
2.5000083446512633
2.500013411046673
2.5000101327908197
2.500008046628004
2.500009536744301
2.5000101327908197
2.500015497209489
2.500006556511707
2.4999168515106263
2.500015497209489
2.5000166893025266
2.500011920930376
2.5000038743023723
2.500014007093192
2.500007450581485
2.5000107288373385
2.500014007093192
2.5000053644186693
2.500014007093192
2.500014007093192
2.500016987325786
2.500000596046519
2.500016093256008
2.5000122189536356
2.5000143051164514
2.5000026822093346
2.5000062584884475
2.500016093256008
2.500005960465188
2.50001490116297
2.5000092387210415
2.5000137090699326
2.5000071525582257
2.5000122189536356
2.499921023836258
2.5000196695351207
2.500008940697782
2.5000056624419287
2.500010430814079
2.5000116229071168
2.500015497209489
2.5000098347675603
2.5000053644186693
2.500011920930376
2.5000151991862296
2.500009536744301
2.50000506639541
2.5000128150001544
2.5000101327908197
2.5000122189536356
2.50000506639541
2.5000077486047445
2.5000086426745227
2.500014007093192
2.500008940697782
2.5000071525582257
2.5000181794188236
2.500009536744301
2.500006556511707
2.5000077486047445
2.500005960465188
2.5000092387210415
2.5000137090699326
2.5000068545349663
2.5000032782558534
2.5000083446512633
2.500002980232594
2.5000086426745227
2.5000128150001544
2.5000086426745227
2.50000506639541
2.5000113248838574
2.5000137090699326
2.500003576279113
2.5000092387210415
2.5000116229071168
2.500008940697782
2.5000047683721505
2.500009536744301
2.500012516976895
2.5000172853490454
2.500002980232594
2.50001490116297
2.500005960465188
2.5000151991862296
2.499922513952555
2.5000143051164514
2.5000038743023723
2.5000101327908197
2.500004470348891
2.5000026822093346
2.500013411046673
2.500007450581485
2.500014007093192
2.499919533719961
2.50001490116297
2.500000596046519
2.5000098347675603
2.5000032782558534
2.500003576279113
2.5000032782558534
2.5000122189536356
2.500002980232594
2.500002086162816
2.500008046628004
2.5000092387210415
2.5000122189536356
2.500003576279113
2.5000086426745227
2.5000098347675603
2.500008046628004
2.5000086426745227
2.5000026822093346
2.5000098347675603
2.500008940697782
2.5000017881395564
2.500010430814079
2.500009536744301
2.5000137090699326
2.4999213218595173
2.500010430814079
2.5000053644186693
2.500010430814079
2.4999228119758143
2.500008940697782
2.5000113248838574
2.500007450581485
2.5000137090699326
2.4999171495338857
2.5000116229071168
2.500004470348891
2.5000101327908197
2.4999192356967015
2.5000116229071168
2.500003576279113
2.500002980232594
2.500008046628004
2.50000506639541
2.500004470348891
2.500012516976895
2.5000113248838574
2.500003576279113
2.500002980232594
2.50000506639541
2.5000071525582257
2.4999228119758143
2.500002980232594
2.5000068545349663
2.500001490116297
2.500000894069778
2.5000062584884475
2.5000062584884475
2.5000128150001544
2.5000038743023723
2.500005960465188
2.5000062584884475
2.500006556511707
2.5000047683721505
2.5000002980232594
2.5000101327908197
2.5000011920930376
2.5
2.500003576279113
2.5000047683721505
2.5000068545349663
2.500013113023414
2.5000071525582257
2.5000023841860752
2.500004470348891
2.500005960465188
2.500006556511707
2.500000894069778
2.500006556511707
2.5000062584884475
2.500001490116297
2.5000062584884475
2.500000894069778
2.5000056624419287
2.500006556511707
2.500008046628004
2.5000011920930376
2.500002086162816
2.5000101327908197
2.499923408022333
2.5000041723256317
2.5000047683721505
2.499922513952555
2.500002086162816
2.5000032782558534
2.500006556511707
2.5000062584884475
2.5000068545349663
2.4999222159292955
2.500008940697782
2.5000053644186693
2.500011026860598
2.5000047683721505
2.500011026860598
2.5
2.5000011920930376
2.500008940697782
2.5000011920930376
2.500005960465188
2.5000026822093346
2.5000056624419287
2.500000596046519
2.5000092387210415
2.500006556511707
2.500012516976895
2.5000023841860752
2.4999216198827767
2.500009536744301
2.5000056624419287
2.5000047683721505
2.5000047683721505
2.500006556511707
2.500011920930376
2.500000894069778
2.5000086426745227
2.5000002980232594
2.500001490116297
2.5
2.500000596046519
2.5000047683721505
2.5000011920930376
2.500008046628004
2.5000041723256317
2.5000068545349663
2.5000038743023723
2.50000506639541
2.5000086426745227
2.5000056624419287
2.499922513952555
2.500001490116297
2.499921023836258
2.500000596046519
2.5000083446512633
2.5000002980232594
2.5000026822093346
2.5000017881395564
2.4999207258129985
2.5000053644186693
2.500008046628004
2.499922513952555
2.5000026822093346
2.500001490116297
2.499921917906036
2.5000047683721505
2.5000032782558534
2.4999216198827767
2.5000077486047445
2.5000002980232594
2.5000116229071168
2.500000894069778
2.499920427789739
2.500014007093192
2.4999088048826223
2.5000083446512633
2.4999207258129985
2.5000032782558534
2.4999186396501827
2.5000068545349663
2.5000002980232594
2.499918043603664
2.5000041723256317
2.499913573254773
2.500009536744301
2.4999171495338857
2.5000053644186693
2.500000894069778
2.5000113248838574
2.500000596046519
2.5000053644186693
2.4999207258129985
2.500004470348891
2.500000596046519
2.499922513952555
2.499920427789739
2.500002086162816
2.5000002980232594
2.499921023836258
2.499920427789739
2.500003576279113
2.4999171495338857
2.5000032782558534
2.4999222159292955
2.499914467324551
2.500002980232594
2.5000053644186693
2.4999177455804045
2.4999231099990737
2.4999222159292955
2.5000023841860752
2.499919533719961
2.5000038743023723
2.4999153613943292
2.4999216198827767
2.499918937673442
2.499913573254773
2.500000894069778
2.499912977208254
2.5000041723256317
2.4999198317432203
2.5
2.500000596046519
2.4999171495338857
2.499918043603664
2.4999111890686976
2.500004470348891
2.4999117851152164
2.499919533719961
2.499913871278032
2.499919533719961
2.4999222159292955
2.4999231099990737
2.499918937673442
2.4999043345337313
2.500002980232594
2.4999201297664797
2.499916553487367
2.499914467324551
2.499923408022333
2.5000011920930376
2.4999198317432203
2.499918937673442
2.4999153613943292
2.500003576279113
2.4999156594175886
2.499918937673442
2.499916553487367
2.5000023841860752
2.4999231099990737
2.499914467324551
2.499921917906036
2.4999126791849946
2.4999186396501827
2.499920427789739
2.499916553487367
2.4999156594175886
2.4999228119758143
2.4999102949989194
2.4999213218595173
2.4999147653478104
2.5000041723256317
2.4999076127895847
2.4999162554641075
2.4999186396501827
2.4999105930221788
2.4999186396501827
2.499915957440848
2.4999156594175886
2.4999061226732877
2.5000113248838574
2.4999102949989194
2.4999192356967015
2.499913573254773
2.49991506337107
2.4999183416269233
2.4999147653478104
2.500000894069778
2.4999111890686976
2.4999183416269233
2.499916553487367
2.4999186396501827
2.500000596046519
2.499913573254773
2.499919533719961
2.499907910812844
2.499917447557145
2.499920427789739
2.4999183416269233
2.499909400929141
2.499918043603664
2.5000047683721505
2.4999102949989194
2.4999132752315134
2.4999096989524006
2.499923408022333
2.4999177455804045
2.499921023836258
2.499915957440848
2.499912977208254
2.4999171495338857
2.4999073147663253
2.499914467324551
2.4999105930221788
2.5000002980232594
2.4999091029058818
2.499909400929141
2.4999088048826223
2.499912977208254
2.4999117851152164
2.499913871278032
2.4999111890686976
2.499915957440848
2.49991506337107
2.499912381161735
2.499915957440848
2.499912083138476
2.499917447557145
2.4999102949989194
2.4999132752315134
2.499906420696547
2.4999183416269233
2.499918043603664
2.499918937673442
2.499907910812844
2.4999171495338857
2.4999088048826223
2.4999147653478104
2.4999096989524006
2.499905526626769
2.4999213218595173
2.499910891045438
2.499911487091957
2.4998992681383214
2.4999216198827767
2.499909400929141
2.499920427789739
2.4999007582546184
2.5000017881395564
2.4999022483709155
2.4999058246500283
2.4999141693012916
2.4999088048826223
2.499921917906036
2.4999082088361035
2.499912381161735
2.4999052286035095
2.5000041723256317
2.499905526626769
2.49991506337107
2.4999052286035095
2.5000011920930376
2.4999052286035095
2.499907910812844
2.499907016743066
2.499919533719961
2.499911487091957
2.499913573254773
2.499907910812844
2.4999198317432203
2.4999141693012916
2.4999076127895847
2.49990999697566
2.4999058246500283
2.5000017881395564
2.4999058246500283
2.4999061226732877
2.499913573254773
2.4999088048826223
2.4999168515106263
2.499916553487367
2.4999111890686976
2.4999105930221788
2.499914467324551
2.4999046325569907
2.4999082088361035
2.499913573254773
2.49991506337107
2.499909400929141
2.499909400929141
2.4999171495338857
2.49990493058025
2.4999111890686976
2.4999067187198065
2.4999168515106263
2.4999111890686976
2.4999067187198065
2.499912977208254
2.499905526626769
2.4999126791849946
2.4999061226732877
2.4999096989524006
2.4999028444174343
2.499913871278032
2.4999022483709155
2.4999156594175886
2.499898374068543
2.4999156594175886
2.499901950347656
2.499917447557145
2.499908506859363
2.499918937673442
2.499907016743066
2.499912083138476
2.499901950347656
2.4999105930221788
2.499906420696547
2.4999037384872125
2.4999147653478104
2.499902546394175
2.4999147653478104
2.499907910812844
2.4999162554641075
2.499898374068543
2.4999162554641075
2.4999076127895847
2.4999156594175886
2.4999046325569907
2.499913573254773
2.4999043345337313
2.499910891045438
2.4999096989524006
2.4999067187198065
2.4999073147663253
2.49991506337107
2.4999022483709155
2.4999162554641075
2.4999102949989194
2.499913573254773
2.4999105930221788
2.4999058246500283
2.4999061226732877
2.499913871278032
2.499911487091957
2.49990999697566
2.4999046325569907
2.499907910812844
2.499913573254773
2.499907016743066
2.4999105930221788
2.499907910812844
2.499913871278032
2.4999082088361035
2.4999058246500283
2.4999043345337313
2.499912977208254
2.49990999697566
2.499912083138476
2.4998992681383214
2.499911487091957
2.49990999697566
2.49990493058025
2.499912083138476
2.49991506337107
2.499913871278032
2.499909400929141
2.499905526626769
2.49990999697566
2.499913573254773
2.499910891045438
2.4999031424406937
2.49990999697566
2.49990999697566
2.49990999697566
2.4999147653478104
2.499910891045438
2.4999141693012916
2.4999147653478104
2.4999076127895847
2.499899566161581
2.499910891045438
2.4999076127895847
2.4999061226732877
2.499908506859363
2.499909400929141
2.4999091029058818
2.499909400929141
2.49991506337107
2.499907016743066
2.4999183416269233
2.499904036510472
2.499920427789739
2.499914467324551
2.499911487091957
2.499905526626769
2.499914467324551
2.4999096989524006
2.4999171495338857
2.4999156594175886
2.499917447557145
2.4999088048826223
2.499918043603664
2.499909400929141
2.4999162554641075
2.499913573254773
2.4999192356967015
2.4999102949989194
2.4999126791849946
2.4999156594175886
2.499918937673442
2.4999168515106263
2.4999228119758143
2.4999132752315134
2.499912083138476
2.4999046325569907
2.499915957440848
2.4999067187198065
2.4999096989524006
2.499911487091957
2.4999126791849946
2.499918043603664
2.499913573254773
2.500002086162816
2.499914467324551
2.4999046325569907
2.499913573254773
2.4999117851152164
2.4999153613943292
2.4999153613943292
2.49991506337107
2.499911487091957
2.4999156594175886
2.499913573254773
2.4999126791849946
2.499918937673442
2.499913573254773
2.499912083138476
2.499904036510472
2.4999058246500283
2.4999061226732877
2.499913871278032
2.499912381161735
2.4999141693012916
2.4999058246500283
2.49990999697566
2.499922513952555
2.499906420696547
2.4999111890686976
2.4999096989524006
2.499915957440848
2.4999141693012916
2.4999058246500283
2.4999132752315134
2.4999061226732877
2.4999198317432203
2.4999037384872125
2.4999088048826223
2.499904036510472
2.4999171495338857
2.499912381161735
2.4999031424406937
2.4999096989524006
2.4999058246500283
2.49991506337107
2.49990999697566
2.499912381161735
2.4999046325569907
2.4999168515106263
2.4999016523243967
2.4999153613943292
2.4999111890686976
2.4999076127895847
2.4999117851152164
2.4999076127895847
2.499914467324551
2.499910891045438
2.4999105930221788
2.4999067187198065
2.4999207258129985
2.499911487091957
2.4999201297664797
2.499901950347656
2.4999186396501827
2.4999043345337313
2.499910891045438
2.4999067187198065
2.5000017881395564
2.4999052286035095
2.4999132752315134
2.4999105930221788
2.4999088048826223
2.499918937673442
2.4999037384872125
2.499915957440848
2.4999001622080996
2.4999228119758143
2.4999043345337313
2.4999126791849946
2.4999037384872125
2.4999183416269233
2.4999096989524006
2.4999168515106263
2.499913871278032
2.499906420696547
2.499912977208254
2.499921917906036
2.4999117851152164
2.499909400929141
2.4999207258129985
2.4999061226732877
2.5
2.4999096989524006
2.4999183416269233
2.4999132752315134
2.4999171495338857
2.4999162554641075
2.4999126791849946
2.499912977208254
2.499914467324551
2.4999111890686976
2.499906420696547
2.4999126791849946
2.4999105930221788
2.499912381161735
2.499912977208254
2.499919533719961
2.499912381161735
2.4999091029058818
2.4999076127895847
2.499919533719961
2.4999132752315134
2.4999117851152164
2.4999111890686976
2.49990999697566
2.4999198317432203
2.499913573254773
2.499909400929141
2.4999162554641075
2.4999126791849946
2.499921917906036
2.4999076127895847
2.4999186396501827
2.4999186396501827
2.499912381161735
2.5000011920930376
2.4999073147663253
2.499921023836258
2.499914467324551
2.500000596046519
2.499894499766171
2.500008046628004
2.499906420696547
2.4999231099990737
2.4999132752315134
2.499910891045438
2.500002980232594
2.499915957440848
2.499921023836258
2.4999061226732877
2.500003576279113
2.499909400929141
2.499921917906036
2.4999091029058818
2.4999192356967015
2.499920427789739
2.499908506859363
2.499921023836258
2.499913871278032
2.4999168515106263
2.499920427789739
2.4999105930221788
2.4999111890686976
2.4999231099990737
2.499916553487367
2.499912083138476
2.499920427789739
2.4999117851152164
2.4999222159292955
2.49990493058025
2.5000002980232594
2.4999177455804045
2.499916553487367
2.499911487091957
2.4999192356967015
2.4999141693012916
2.499919533719961
2.5
2.499910891045438
2.500008046628004
2.499913871278032
2.4999162554641075
2.4999153613943292
2.4999213218595173
2.499921917906036
2.499911487091957
2.499918937673442
2.4999111890686976
2.5000002980232594
2.499906420696547
2.500006556511707
2.4999132752315134
2.4999198317432203
2.5000002980232594
2.4999183416269233
2.4999198317432203
2.4999096989524006
2.500002086162816
2.4999126791849946
2.499918043603664
2.499923408022333
2.499906420696547
2.500006556511707
2.4999058246500283
2.5000041723256317
2.4999091029058818
2.499921917906036
2.4999156594175886
2.4999183416269233
2.4999126791849946
2.4999213218595173
2.4999207258129985
2.499907910812844
2.499922513952555
2.4999177455804045
2.499923408022333
2.499912977208254
2.499922513952555
2.4999186396501827
2.4999192356967015
2.499918043603664
2.499917447557145
2.4999177455804045
2.4999153613943292
2.4999162554641075
2.499923408022333
2.4999058246500283
2.5000011920930376
2.4999088048826223
2.5000002980232594
2.4999096989524006
2.5000041723256317
2.4999153613943292
2.500001490116297
2.4999105930221788
2.4999147653478104
2.5000071525582257
2.499917447557145
2.50000506639541
2.4999153613943292
2.5000026822093346
2.4999183416269233
2.499917447557145
2.499922513952555
2.4999198317432203
2.500002086162816
2.4999171495338857
2.500006556511707
2.500000596046519
2.5000002980232594
2.4999228119758143
2.499912381161735
2.499921023836258
2.4999156594175886
2.5000056624419287
2.4999126791849946
2.5000017881395564
2.4999177455804045
2.50000506639541
2.499921917906036
2.4999153613943292
2.500009536744301
2.499918043603664
2.499917447557145
2.499912381161735
2.4999222159292955
2.5000011920930376
2.49991506337107
2.500013113023414
2.499908506859363
2.500002980232594
2.4999141693012916
2.5000077486047445
2.499922513952555
2.5000032782558534
2.5000002980232594
2.5000032782558534
2.5000017881395564
2.4999117851152164
2.5000098347675603
2.499920427789739
2.5
2.4999168515106263
2.500000596046519
2.500002980232594
2.4999091029058818
2.5000023841860752
2.499906420696547
2.5000092387210415
2.499908506859363
2.5
2.4999186396501827
2.499922513952555
2.500001490116297
2.499918937673442
2.500005960465188
2.4999088048826223
2.500009536744301
2.499916553487367
2.500002980232594
2.499917447557145
2.500006556511707
2.4999117851152164
2.5000047683721505
2.499917447557145
2.5000071525582257
2.4999156594175886
2.500013411046673
2.4999102949989194
2.500002980232594
2.499916553487367
2.5000062584884475
2.4999126791849946
2.500000894069778
2.500000894069778
2.4999201297664797
2.499923408022333
2.499913871278032
2.5000166893025266
2.4999105930221788
2.500009536744301
2.4999216198827767
2.5000062584884475
2.499912083138476
2.4999192356967015
2.500007450581485
2.49991506337107
2.500009536744301
2.4999117851152164
2.500006556511707
2.5000002980232594
2.5000077486047445
2.4999201297664797
2.499913573254773
2.5000178813955642
2.499913871278032
2.500009536744301
2.4999096989524006
2.50001490116297
2.4999162554641075
2.4999216198827767
2.5000128150001544
2.499910891045438
2.50001996755838
2.499906420696547
2.50001490116297
2.499908506859363
2.5000166893025266
2.500005960465188
2.4999067187198065
2.5000247359305305
2.49990493058025
2.5000193715118613
2.4998906254637987
2.5000226497677147
2.4999067187198065
2.500008046628004
2.500001490116297
2.4999073147663253
2.500020563604899
2.499898970115062
2.500025928023568
2.4998897313940205
2.500028908256162
2.49991506337107
2.499918937673442
2.500004470348891
2.4999052286035095
2.500023543837493
2.4998962879057274
2.5000256300003088
2.4999046325569907
2.5000062584884475
2.5000193715118613
2.4999031424406937
2.5000202655816395
2.4998992681383214
2.5000262260468276
2.4998933076731333
2.5000128150001544
2.4999183416269233
2.4999168515106263
2.5000306963957186
2.4999567866273864
2.499968409534503
2.4998858570916482
2.500030398372459
2.4999091029058818
2.500006556511707
2.500022947790974
2.499887943254464
2.4999642372088715
2.499888539300983
2.499966919418206
2.499891519533577
2.5000241398840117
2.5000002980232594
2.4999111890686976
2.5000247359305305
2.4998876452312047
2.500036060814388
2.499889433370761
2.5000372529074255
2.4999016523243967
2.5000086426745227
2.5000178813955642
2.4999028444174343
2.500032484535275
2.499895989882468
2.500033974651572
2.4999538063947924
2.50001996755838
2.500001490116297
2.49990999697566
2.5000211596514177
2.4998867511614264
2.4999663233716873
2.4998858570916482
2.500028908256162
2.499894499766171
2.500019073488602
2.500013411046673
2.4999001622080996
2.5000301003492
2.4999013543011372
2.500035464767869
2.4998918175568363
2.500022947790974
2.500000894069778
2.5000038743023723
2.500008046628004
2.499916553487367
2.5000238418607523
2.499908506859363
2.500019073488602
2.499918937673442
2.4999162554641075
2.5000217556979365
2.499911487091957
2.5000178813955642
2.4999111890686976
2.500023543837493
2.499921023836258
2.499923408022333
2.500019073488602
2.499906420696547
2.5000351667446097
2.499896585928987
2.500032484535275
2.499899566161581
2.500019073488602
2.4999171495338857
2.4999222159292955
2.5000253319770493
2.4999052286035095
2.500030398372459
2.4999007582546184
2.5000208616281583
2.500002980232594
2.500007450581485
2.500005960465188
2.4999102949989194
2.5000336766283127
2.499899566161581
2.500022053721196
2.499911487091957
2.500011920930376
2.4999207258129985
2.49991506337107
2.5000163912792672
2.4999052286035095
2.4999672174414656
2.499886453138167
2.500034570698091
2.499905526626769
2.500019073488602
2.500000894069778
2.4999153613943292
2.500029504302681
2.4999016523243967
2.4999618530227963
2.4998912215103175
2.500034570698091
2.4999061226732877
2.500017583372305
2.5000071525582257
2.4999091029058818
2.5000333786050533
2.499886453138167
2.500036954884166
2.499897479998765
2.5000223517444553
2.499921023836258
2.500002086162816
2.500022947790974
2.4999007582546184
2.5000301003492
2.499899566161581
2.500031590465497
2.4999102949989194
2.5000092387210415
2.5000128150001544
2.499912083138476
2.5000262260468276
2.4998992681383214
2.4999621510460557
2.499899566161581
2.500018477442083
2.5000077486047445
2.499918043603664
2.500034570698091
2.499898970115062
2.500033080581794
2.499904036510472
2.500010430814079
2.4999231099990737
2.4999177455804045
2.500030398372459
2.499901950347656
2.500033080581794
2.499909400929141
2.500017583372305
2.5000062584884475
2.499923408022333
2.500018477442083
2.4999052286035095
2.5000372529074255
2.499891519533577
2.5000262260468276
2.4999153613943292
2.5000032782558534
2.500016987325786
2.4999037384872125
2.5000321865120156
2.4998942017429115
2.500033974651572
2.499910891045438
2.500008940697782
2.500005960465188
2.499920427789739
2.500028908256162
2.4998858570916482
2.4999663233716873
2.4998918175568363
2.5000253319770493
2.499917447557145
2.500001490116297
2.5000202655816395
2.4999016523243967
2.4999657273251685
2.4999591708134616
2.499967515464725
2.4999046325569907
2.500011026860598
2.500004470348891
2.4999207258129985
2.4999618530227963
2.4998936056963927
2.499967515464725
2.4998956918592086
2.500036060814388
2.4999132752315134
2.5000056624419287
2.500012516976895
2.4999111890686976
2.500037550930685
2.499893009649874
2.5000342726748315
2.4999061226732877
2.5000277161631246
2.4999117851152164
2.5000047683721505
2.500019073488602
2.499910891045438
2.500030994418978
2.499897479998765
2.5000327825585344
2.4999153613943292
2.5000172853490454
2.500007450581485
2.5000002980232594
2.5000253319770493
2.499917447557145
2.500028908256162
2.499918043603664
2.500018477442083
2.4999222159292955
2.5000032782558534
2.5000047683721505
2.499921917906036
2.5000202655816395
2.499916553487367
2.50001996755838
2.499907016743066
2.5000193715118613
2.4999192356967015
2.500005960465188
2.5000238418607523
2.4999147653478104
2.500028014186384
2.4999067187198065
2.500028014186384
2.4999141693012916
2.5000187754653425
2.500008046628004
2.4999192356967015
2.5000223517444553
2.499913573254773
2.500037550930685
2.499898374068543
2.4999636411623527
2.499911487091957
2.500016093256008
2.500013411046673
2.4999153613943292
2.4999681115112438
2.4998947977894304
2.4999746680229507
2.499894499766171
2.5000306963957186
2.499913573254773
2.5000068545349663
2.500024437907271
2.499894499766171
2.499981522557917
2.4999582767436834
2.499982416627695
2.499886453138167
2.4999672174414656
2.499913871278032
2.5000011920930376
2.5000321865120156
2.4998861551149076
2.4999916553487367
2.4999493360459013
2.499983906743992
2.499955892557608
2.499966025348428
2.5
2.4999192356967015
2.499969005581022
2.4998891353475017
2.4999958276743683
2.499940991394638
2.4999833106974734
2.4998936056963927
2.5000366568609067
2.50000506639541
2.49990999697566
2.4999746680229507
2.4999603629064993
2.499997913837184
2.499953508371533
2.499988973139402
2.4999073147663253
2.5000327825585344
2.500012516976895
2.499920427789739
2.499963045115834
2.499897479998765
2.499978542325323
2.4998956918592086
2.500037550930685
2.4999162554641075
2.500023543837493
2.5000181794188236
2.5000017881395564
2.5000247359305305
2.4999222159292955
2.500030398372459
2.5000041723256317
2.5000238418607523
2.5000077486047445
2.5000113248838574
2.500014007093192
2.5000062584884475
2.50002503395379
2.5000098347675603
2.500011920930376
2.500014603139711
2.5000172853490454
2.500013113023414
2.5000107288373385
2.5000128150001544
2.5000157952327484
2.5000122189536356
2.5000211596514177
2.50000506639541
2.500029504302681
2.500014603139711
2.500016987325786
2.50001490116297
2.500013113023414
2.50002503395379
2.500002980232594
2.5000277161631246
2.5000151991862296
2.5000292062794216
2.5000196695351207
2.5000041723256317
2.500027418139865
2.5000053644186693
2.500035464767869
2.5
2.5000196695351207
2.500007450581485
2.5000271201166058
2.500015497209489
2.5000226497677147
2.500015497209489
2.500014603139711
2.5000226497677147
2.500010430814079
2.5000193715118613
2.500018477442083
2.500008940697782
2.500023543837493
2.5000083446512633
2.500030398372459
2.50001490116297
2.500022053721196
2.5000116229071168
2.5000202655816395
2.5000143051164514
2.500016093256008
2.500022947790974
2.5000062584884475
2.5000226497677147
2.5000163912792672
2.500016093256008
2.5000172853490454
2.500015497209489
2.50002503395379
2.5000026822093346
2.5000238418607523
2.5000107288373385
2.50001996755838
2.5000157952327484
2.500019073488602
2.5000187754653425
2.500014007093192
2.500022053721196
2.500019073488602
2.500016987325786
2.5000172853490454
2.500025928023568
2.500022947790974
2.5000122189536356
2.5000262260468276
2.5000202655816395
2.5000178813955642
2.50001996755838
2.5000166893025266
2.500030398372459
2.5000101327908197
2.5000253319770493
2.500013113023414
2.5000223517444553
2.5000217556979365
2.5000196695351207
2.5000193715118613
2.500016093256008
2.5000277161631246
2.5000128150001544
2.5000241398840117
2.5000128150001544
2.500036954884166
2.5000083446512633
2.5000253319770493
2.5000196695351207
2.500024437907271
2.500020563604899
2.5000193715118613
2.50001490116297
2.500014603139711
2.5000292062794216
2.5000038743023723
2.500025928023568
2.500025928023568
2.5000208616281583
2.5000166893025266
2.500019073488602
2.500030398372459
2.50001996755838
2.500025928023568
2.5000163912792672
2.5000262260468276
2.5000277161631246
2.5000157952327484
2.500028014186384
2.500016093256008
2.5000301003492
2.5000223517444553
2.5000163912792672
2.500022053721196
2.5000262260468276
2.5000116229071168
2.500015497209489
2.50002503395379
2.5000223517444553
2.500028908256162
2.500014007093192
2.5000256300003088
2.500015497209489
2.500022947790974
2.500024437907271
2.5000211596514177
2.5000277161631246
2.500023543837493
2.500028908256162
2.500010430814079
2.5000306963957186
2.500011920930376
2.5000327825585344
2.5000098347675603
2.500029504302681
2.5000208616281583
2.5000193715118613
2.5000202655816395
2.5000277161631246
2.5000223517444553
2.500013113023414
2.5000312924422374
2.500010430814079
2.499964535232131
2.5000163912792672
2.5000292062794216
2.5000128150001544
2.500033080581794
2.5000232458142335
2.5000301003492
2.5000232458142335
2.5000298023259404
2.500029504302681
2.5000143051164514
2.5000342726748315
2.5000187754653425
2.5000333786050533
2.5000157952327484
2.5000301003492
2.500030994418978
2.5000256300003088
2.5000226497677147
2.500030994418978
2.500028908256162
2.500030994418978
2.50001996755838
2.500028908256162
2.500030398372459
2.5000232458142335
2.500032484535275
2.5000321865120156
2.5000318884887562
2.5000163912792672
2.5000253319770493
2.50002503395379
2.500031590465497
2.50002503395379
2.500022053721196
2.5000202655816395
2.500031590465497
2.500029504302681
2.5000178813955642
2.500029504302681
2.5000306963957186
2.500027418139865
2.5000223517444553
2.5000238418607523
2.5000277161631246
2.500025928023568
2.500018477442083
2.5000301003492
2.500030398372459
2.5000238418607523
2.5000238418607523
2.5000283122096434
2.500033080581794
2.500022947790974
2.5000241398840117
2.5000298023259404
2.5000372529074255
2.500022947790974
2.5000223517444553
2.5000262260468276
2.500031590465497
2.5000301003492
2.500026524070087
2.500020563604899
2.5000232458142335
2.500028610232903
2.5000202655816395
2.5000318884887562
2.500020563604899
2.500032484535275
2.5000128150001544
2.5000292062794216
2.5000098347675603
2.4999633431390933
2.499922513952555
2.49998003244162
2.4999082088361035
2.499989569185921
2.4998927116266145
2.5000327825585344
2.4999052286035095
2.500029504302681
2.499992549418515
2.5000151991862296
2.4999672174414656
2.5000447034889106
2.500098943722122
2.500101923954716
2.5000452995354294
2.500143051164514
2.5001668930252663
2.500130534187619
2.500155568141409
2.500129640117841
2.500252127677456
2.5002494454681212
2.5002333522121134
2.500251531630937
2.500337064306386
2.5003093481432614
2.50033497814357
2.5003308058179385
2.5003057718641486
2.5004124641910153
2.500408589888643
2.5003778934929244
2.500416040470128
2.5003468990739464
2.5004768372150465
2.500436008028508
2.500448525005403
2.500444054656512
2.50048518186631
2.500571608611537
2.500569224425462
2.5005543232624916
2.500509619773581
2.5005179644248443
2.500582635472135
2.5006198883795605
2.5006449223333505
2.500646710472907
2.5006315112866773
2.5006657839615087
2.5006839633803324
2.5006803871012195
2.5006523729148356
2.50068515547337
2.500772774311635
2.500773072334894
2.5007468462880666
2.500776648614007
2.5007769466372665
2.5007808209396387
2.5008225441959553
2.500854134661452
2.500865757568569
2.5008615852429372
2.500843107800854
2.5009489060579426
2.5008845330339113
2.500887215243246
2.500945627802089
2.500897646057325
2.500916123499408
2.501003742337673
2.5009894372212216
2.501026690128647
2.500981688616477
2.500992119430556
2.5009864569886275
2.5010365248962074
2.501076758036227
2.5011014939667575
2.501093149315494
2.5010859967572685
2.5010505319893994
2.501084208617712
2.501167357107086
2.5011691452466422
2.5011581183860443
2.5011184812925435
2.501143217223074
2.5011551381534503
2.5012269617589666
2.50121027245644
2.501246333270828
2.501200735712139
2.501209378386662
2.501205802107549
2.5011825562933154
2.5013056398994493
2.5013336540858333
2.5012680889687644
2.501264214666392
2.5013229252484948
2.501292228852776
2.501318752922863
2.501408755947203
2.501337826411465
2.5014010073424586
2.501373291179334
2.501335740248649
2.5013586880396232
2.501362860365255
2.501429319552102
2.5014871360644264
2.501458227808264
2.5014176966449853
2.501424253156692
2.501423359086914
2.5014135243193536
2.5015419723441568
2.501511871994957
2.5015255810648895
2.5015419723441568
2.5015470387395666
2.5015330316463746
2.501504421413472
2.5015419723441568
2.5015714766468378
2.501581311414398
2.5015786292050635
2.501635849670869
2.5016191603683424
2.5015786292050635
2.5016126038566355
2.5016155840892296
2.501700818741419
2.5016921760668964
2.501662373740956
2.5017082693229042
2.5016582014153244
2.5016820432760767
2.501683831415633
2.50168532153193
2.5016620757176966
2.5017890336262028
2.501741945951217
2.5017675759515257
2.501792013858797
2.5017827751377553
2.5017771126958266
2.501758337230484
2.501732409206916
2.501770854207379
2.501862943394535
2.501794398044872
2.501803934789173
2.501863837464313
2.501841485719858
2.5018092992078422
2.5018426778128955
2.5018590690921627
2.501807511068286
2.5018885733948437
2.501879334673802
2.501937449209386
2.5019082429299644
2.501869499906242
2.5018936397902536
2.5019082429299644
2.5019106271160396
2.5019162895579683
2.5019001963019605
2.5019532444421344
2.501994967698451
2.501948476069984
2.501977980372665
2.5019887092100035
2.5019857289774095
2.5019791724657026
2.501966953512067
2.5019466879304275
2.5019821526982966
2.5020942094438325
2.5020396711873616
2.5020572545596664
2.5020623209550763
2.502052486187516
2.5020423533966962
2.502088547001904
2.5020608308387793
2.5020903351414603
2.502046525722328
2.5021368267699273
2.502149939793341
2.5021398070025214
2.502134442583852
2.5021162631650284
2.502161562700458
2.502124011769773
2.502157092351567
2.5021016600253176
2.5021252038628106
2.502122521653476
2.5021132829324344
2.5021842124681726
2.5022405388642
2.502214610840632
2.5021746757238716
2.502209544445222
2.502237558631606
2.5022491815387227
2.502174973747131
2.502174973747131
2.502237558631606
2.5022283199105644
2.5022053721195903
2.502317130841867
2.502286434446148
2.50231057433016
2.5022536518876137
2.5022631886319147
2.502270043166881
2.5022637846784335
2.502326071539649
2.502315938748829
2.5022867324694076
2.5022566321202078
2.5022897127020016
2.5023141506092728
2.5023302438652806
2.502343952935213
2.5023588540981834
2.5023502114236607
2.502340972702619
2.5023368003769875
2.5023686888657437
2.5023502114236607
2.502385080145011
2.5023403766561003
2.502365112586631
2.5023898485171614
2.5024002793312405
2.502477467355426
2.502466142471569
2.502456605727268
2.5024399164247413
2.5024136903779137
2.502469122704163
2.5024273994478463
2.5024637582854936
2.5024104121220603
2.502430975726959
2.5024348500293314
2.502452135378377
2.5024473670062264
2.5024348500293314
2.5024202468896206
2.5024822357275767
2.502537668053826
2.5024944546812122
2.502537072007307
2.502487600146246
2.5025177004954458
2.502524555030412
2.5025373700305664
2.502551079100499
2.502554059333093
2.502546012705089
2.5025314095653783
2.5025159123558893
2.5024893882858024
2.502538562123604
2.502498030960325
2.502607107473267
2.5025603178215405
2.502587139914887
2.502588630031184
2.502623200729275
2.502616048171049
2.5026208165431996
2.5026148560780115
2.5025987628220037
2.502583563635774
2.5026288631712035
2.5026053193337106
2.5025713446821385
2.5026103857291204
2.502565086193691
2.5025868418916275
2.502606511426748
2.50270068677672
2.502636611775948
2.502638101892245
2.502634525613132
2.5026994946836822
2.502689063869603
2.502672076543817
2.502653003055215
2.502699196660423
2.502669096311223
2.502700090730201
2.502652705031956
2.5026872757300467
2.502638101892245
2.5026458504969895
2.5026637318925538
2.502675056776411
2.5026774409624863
2.502678633055524
2.502743602126074
2.5027278068933256
2.5027218464281376
2.5027734044520145
2.5027349594515513
2.5027143958466525
2.5027573111960066
2.502712011660577
2.5027337673585137
2.5027710202659392
2.502709031427983
2.502728700963104
2.5027367475911078
2.502744198172593
2.502744198172593
2.502746582358668
2.5027388337539236
2.502728700963104
2.5027099254977614
2.502769530149642
2.502744198172593
2.5027927759638757
2.502838671545824
2.5027984384058044
2.502841651778418
2.5028568509646476
2.502812147475737
2.5028353932899705
2.502849698406422
2.5027859214289094
2.5027957561964698
2.502798140382545
2.5027963522429886
2.5028020146849173
2.5027889016615035
2.5028547648018318
2.5028347972434517
2.5028228763130755
2.502799034452323
2.5028383735225646
2.5028082731733647
2.502851188522719
2.502814233638553
2.502837181429527
2.5027984384058044
2.5028944018953325
2.502909601081562
2.5029289725934234
2.502861619336798
2.5028729442206554
2.5028789046858435
2.502876222476509
2.502874732360212
2.502866685732208
2.5029370192214273
2.50292062794216
2.5028958920116295
2.5028795007323623
2.5029370192214273
2.502902150500077
2.502871156081099
2.5029090050350433
2.502874732360212
2.5029063228257087
2.5029310587562392
2.502884567127772
2.5029107931745997
2.5029194358491225
2.502866685732208
2.5028687718950238
2.502888143406885
2.5029638413147737
2.502966225500849
2.5029635432915143
2.502956688756548
2.502947152012247
2.5029465559657282
2.5029960278267893
2.502984702942932
2.5029543045704727
2.5030109289897595
2.5029844049196726
2.502946257942469
2.5029915574778983
2.5029504302681005
2.502988577245304
2.502942681663356
2.502972185966037
2.5029933456174547
2.5029465559657282
2.502967715617146
2.5029790405010033
2.502992749570936
2.5029978159663457
2.503009140850203
2.5030124191060565
2.503012121082797
2.5030106309665
2.503002584338496
2.5029978159663457
2.502989173291823
2.5029739741055934
2.5030273202690267
2.503088117013945
2.503062188990377
2.503039241199403
2.5030839446883135
2.5030583146880048
2.503088117013945
2.5030553344554107
2.5030210617805793
2.5030493739902226
2.5030875209674264
2.503028214338805
2.503061592943858
2.503074705967272
2.5030285123620644
2.503039241199403
2.5030523542228167
2.5030675534090463
2.503070235618381
2.5030803684092007
2.503076792130088
2.5030803684092007
2.5030809644557195
2.5030744079440126
2.503073811897494
2.5030583146880048
2.5030523542228167
2.5030264261992485
2.503017783524726
2.5030684474788245
2.5030493739902226
2.5030219558503575
2.5030750039905314
2.5030398372459217
2.503017187478207
2.5030463937576286
2.503165305038131
2.503124177828333
2.503154278177533
2.5031089786421035
2.503144145386713
2.5030925873628362
2.5031113628281787
2.5031375888750063
2.5031554702705705
2.503096759688468
2.5031155351538104
2.5031223896887767
2.503139675037822
2.5031450394564914
2.5031554702705705
2.5031539801542735
2.50314563550301
2.5031489137588636
2.5031518939914577
2.5031420592238973
2.5031319264330776
2.5031200055027014
2.503103316200175
2.503099739921062
2.5031545762007923
2.5031390789913033
2.5031098727118817
2.5030964616652085
2.5031408671308597
2.5031208995724796
2.503163218875315
2.5031393770145627
2.5030958656186897
2.503137290851747
2.5030973557349867
2.5031378868982657
2.5030964616652085
2.5031250718981113
2.503148615735604
2.503108680618844
2.5031378868982657
2.503153682131014
2.503107190502547
2.503200769806
2.5032231215504552
2.5032365325971284
2.5031706694568
2.503188252829105
2.5031954053873307
2.503201663875778
2.503213286782895
2.5032204393411206
2.5032234195737146
2.5032153729457107
2.503217161085267
2.5032129887596355
2.5032085184107444
2.503201663875778
2.503194809340812
2.503185272596511
2.5031679872474655
2.503236234573869
2.5032189492248236
2.5032049421316316
2.503183186433695
2.503169179340503
2.5032150749224513
2.503184676549992
2.503242195039057
2.503210306550301
2.5031825903871763
2.5032299760854215
2.503189146898883
2.503231168178459
2.503197193526887
2.5032335523645344
2.5032013658525187
2.5032246116667523
2.5031885508523644
2.503217757131786
2.5031685832939843
2.503201663875778
2.5032210353876394
2.5031694773637625
2.5031974915501465
2.5032114986433385
2.5032401088762413
2.5031828884104357
2.5031915310849584
2.503209710503782
2.5032219294574176
2.5032329563180156
2.503237724690166
2.5031796101545822
2.5031825903871763
2.5031909350384396
2.5031930212012554
2.5032004717827405
2.5031954053873307
2.503276765737148
2.503276765737148
2.5032681230626252
2.5032645467835124
2.5032639507369936
2.5032550100392115
2.5032460693414293
2.503315210737611
2.5032910708535994
2.503288686667524
2.503271699341738
2.5032529238763956
2.5033110384119794
2.503294647132712
2.503270209225441
2.503252327829877
2.5033095482956824
2.5032758716673698
2.503253221899655
2.5033110384119794
2.503265142830031
2.5032535199229144
2.5032883886442647
2.5032588843415837
2.5032866005047083
2.503264248760253
2.5033050779467914
2.5032630566672154
2.503298223411825
2.50326067248114
2.5032961372490092
2.503248155504245
2.5032839182953737
2.503314316667833
2.5032725934115163
2.503294349109453
2.503317296900427
2.5032699112021817
2.5032925609698964
2.5033140186445735
2.5032615665509184
2.503284812365152
2.5033035878304943
2.5032424930623165
2.5032639507369936
2.5032773617836668
2.5032910708535994
2.5033104423654606
2.503243685155354
2.503258288295065
2.503258288295065
2.503268719109144
2.503276765737148
2.503278255853445
2.503291666900118
2.5032874945744865
2.5033009056211597
2.5032976273653063
2.503299713528122
2.5032991174816033
2.503294647132712
2.5032925609698964
2.503293157016415
2.50328570643493
2.5032794479464826
2.5032725934115163
2.503264248760253
2.503257692248546
2.5033175949236863
2.5033140186445735
2.5032919649233776
2.5032854084116707
2.503263652713734
2.503253817946174
2.5033155087608705
2.5032934550396746
2.5032714013184787
2.503332198063397
2.503320277133021
2.5033649806219316
2.5033405427146604
2.5033256415516902
2.503366768761488
2.5033411387611793
2.503393292831575
2.5033736232964543
2.503337264458807
2.5033915046920185
2.5033536557380742
2.503320277133021
2.503369748994082
2.5033319000401377
2.503374219342973
2.50333577434251
2.503388226436165
2.50333577434251
2.5033766035290483
2.5033429269007357
2.503379285738383
2.503336370389029
2.5033724312034167
2.5033289198075437
2.5033536557380742
2.5033229593423556
2.5033509735287396
2.5033754114360107
2.503331303993619
2.5033599142265217
2.5033834580640146
2.503335178295991
2.5033605102730405
2.503393292831575
2.5033208731795398
2.5033575300404465
2.503377795622086
2.5033214692260586
2.503342330854217
2.5033628944591158
2.503384352133793
2.503321171202799
2.503347695272886
2.5033640865521534
2.503368258877785
2.5033921007385374
2.5033256415516902
2.503337860505326
2.503349185389183
2.5033569339939277
2.5033739213197137
2.503379285738383
2.503392696785056
2.503390312598981
2.5033304099238407
2.503333688179694
2.503332794109916
2.5033479932961455
