2.5000098347675603
2.4998918175568363
2.500030994418978
2.4998888373242423
2.5000196695351207
2.4999082088361035
2.4999216198827767
2.500013411046673
2.499903440463953
2.500001490116297
2.499913871278032
2.500008940697782
2.499901056277878
2.5000262260468276
2.499893009649874
2.500011920930376
2.5000071525582257
2.499902546394175
2.5000292062794216
2.4999457597667885
2.4999818205811764
2.499938905231822
2.5000166893025266
2.4999213218595173
2.4999013543011372
2.5000333786050533
2.499958574766943
2.500033974651572
2.4999481439528637
2.4999737739531724
2.499886453138167
2.5000071525582257
2.499912977208254
2.4999186396501827
2.5000113248838574
2.4999552965110894
2.499965429301909
2.499948441976123
2.5000318884887562
2.4999612569762775
2.5000002980232594
2.500011026860598
2.4999091029058818
2.500020563604899
2.4999547004645706
2.500030398372459
2.499904036510472
2.499912083138476
2.499915957440848
2.500004470348891
2.500004470348891
2.4999037384872125
2.5000101327908197
2.4998858570916482
2.5000301003492
2.499910891045438
2.4999126791849946
2.5000047683721505
2.499900460231359
2.500030994418978
2.499948441976123
2.500030398372459
2.499896883952246
2.500000596046519
2.4999222159292955
2.4998906254637987
2.5000172853490454
2.4999061226732877
2.5000017881395564
2.499895393835949
2.5000062584884475
2.4999171495338857
2.499914467324551
2.499907016743066
2.5000068545349663
2.500001490116297
2.4999067187198065
2.500016093256008
2.4998986720918026
2.5
2.500010430814079
2.499897479998765
2.500011920930376
2.4999007582546184
2.500016987325786
2.499898970115062
2.4999147653478104
2.5000116229071168
2.4998986720918026
2.500017583372305
2.499892413603355
2.5000071525582257
2.499906420696547
2.500019073488602
2.499898076045284
2.500003576279113
2.5000047683721505
2.4999031424406937
2.500014007093192
2.49989002941728
2.500030398372459
2.499960958953018
2.5000113248838574
2.499912977208254
2.49990999697566
2.5000047683721505
2.4999088048826223
2.500011920930376
2.4998962879057274
2.5000256300003088
2.499891519533577
2.5000187754653425
2.499904036510472
2.499918937673442
2.5000011920930376
2.4999013543011372
2.500013113023414
2.4998971819755056
2.5000151991862296
2.4999091029058818
2.4999111890686976
2.4999207258129985
2.499916553487367
2.4999201297664797
2.499912381161735
2.4999186396501827
2.4999067187198065
2.5000098347675603
2.4999105930221788
2.4999156594175886
2.5000056624419287
2.4999043345337313
2.5000238418607523
2.4998921155800957
2.5000056624419287
2.500001490116297
2.499903440463953
2.499919533719961
2.4998986720918026
2.5000157952327484
2.499905526626769
2.50000506639541
2.4999076127895847
2.5000011920930376
2.499921917906036
2.499909400929141
2.4999216198827767
2.4999058246500283
2.5000187754653425
2.499889433370761
2.5000163912792672
2.499907910812844
2.4999132752315134
2.500015497209489
2.4999591708134616
2.5000247359305305
2.499896585928987
2.5000083446512633
2.499905526626769
2.4999141693012916
2.500013113023414
2.499898970115062
2.5000256300003088
2.4998936056963927
2.500013411046673
2.4999061226732877
2.500002086162816
2.499907016743066
2.5000071525582257
2.5000056624419287
2.499894499766171
2.500025928023568
2.499885559068389
2.5000137090699326
2.4999091029058818
2.5000062584884475
2.4999102949989194
2.499898374068543
2.500036954884166
2.4998942017429115
2.5
2.499915957440848
2.499917447557145
2.4999228119758143
2.499898374068543
2.500011920930376
2.4999016523243967
2.5000056624419287
2.499896883952246
2.5000107288373385
2.499907016743066
2.4999141693012916
2.5000101327908197
2.499960958953018
2.499968409534503
2.4999433755807132
2.5000256300003088
2.4999603629064993
2.5000137090699326
2.4999162554641075
2.499893009649874
2.5000262260468276
2.4999597668599804
2.50001490116297
2.499894499766171
2.5000101327908197
2.499896883952246
2.500006556511707
2.500005960465188
2.499898076045284
2.500006556511707
2.499889433370761
2.500028610232903
2.499955892557608
2.5000038743023723
2.4999222159292955
2.4998936056963927
2.500028610232903
2.4999582767436834
2.500022053721196
2.499893903719652
2.500020563604899
2.499902546394175
2.4999073147663253
2.5000098347675603
2.49990493058025
2.499920427789739
2.499893009649874
2.5000202655816395
2.499959468836721
2.5000163912792672
2.4998950958126898
2.499921023836258
2.4999156594175886
2.499909400929141
2.499921917906036
2.4998962879057274
2.500027418139865
2.4999088048826223
2.4999177455804045
2.499919533719961
2.49991506337107
2.4999177455804045
2.499904036510472
2.499918937673442
2.4999153613943292
2.4999111890686976
2.499910891045438
2.4999126791849946
2.499917447557145
2.4999073147663253
2.4999231099990737
2.4998942017429115
2.500002086162816
2.499903440463953
2.499903440463953
2.5000041723256317
2.499957978720424
2.500016987325786
2.499887943254464
2.500030994418978
2.499890923487058
2.4999007582546184
2.500015497209489
2.4998897313940205
2.500012516976895
2.499938011162044
2.500028610232903
2.4998888373242423
2.5000017881395564
2.4998936056963927
2.499915957440848
2.5000116229071168
2.4999427795341944
2.500022053721196
2.499947547906345
2.5000372529074255
2.4999532103482736
2.4999198317432203
2.499912083138476
2.499898076045284
2.5000217556979365
2.4999371170922657
2.499963045115834
2.4999532103482736
2.500006556511707
2.4999117851152164
2.49989002941728
2.5000268220933464
2.4999436736039726
2.5000306963957186
2.4999368190690063
2.5000256300003088
2.4999007582546184
2.499912977208254
2.5000077486047445
2.499951422208717
2.5000181794188236
2.4999523162784953
2.500005960465188
2.4998906254637987
2.5000011920930376
2.4999231099990737
2.4998903274405393
2.500010430814079
2.4998903274405393
2.500006556511707
2.499893009649874
2.499898076045284
2.5000151991862296
2.499886453138167
2.5000098347675603
2.499957382673905
2.5000002980232594
2.4999168515106263
2.4999022483709155
2.500013113023414
2.499935924999228
2.4999633431390933
2.499948441976123
2.500016093256008
2.4999588727902022
2.4999222159292955
2.5000151991862296
2.4999272823247054
2.499973475929913
2.499920427789739
2.499982416627695
2.499932944766634
2.5000083446512633
2.4999096989524006
2.4998977780220244
2.500025928023568
2.4999257922084084
2.499973475929913
2.4999311566270777
2.50002503395379
2.499948441976123
2.5000032782558534
2.4999177455804045
2.499950528138939
2.500036954884166
2.4999296665107806
2.5000306963957186
2.4999463558133073
2.5000128150001544
2.4998921155800957
2.4999076127895847
2.5000062584884475
2.4999412894178974
2.5000241398840117
2.49993503092945
2.5000241398840117
2.499950528138939
2.5000011920930376
2.499898374068543
2.499906420696547
2.49991506337107
2.499890923487058
2.5000101327908197
2.4999472498830855
2.500016987325786
2.4998986720918026
2.499914467324551
2.499886453138167
2.4999192356967015
2.499904036510472
2.499912083138476
2.4998918175568363
2.499905526626769
2.4999132752315134
2.4999153613943292
2.499898076045284
2.499923408022333
2.4998933076731333
2.4999207258129985
2.49996006488324
2.499913573254773
2.4999022483709155
2.499914467324551
2.4999061226732877
2.499901950347656
2.49990999697566
2.499898970115062
2.4999046325569907
2.4999013543011372
2.500000894069778
2.4998858570916482
2.500000894069778
2.4998906254637987
2.499912381161735
2.499909400929141
2.499907910812844
2.4999061226732877
2.4998876452312047
2.499921917906036
2.4999022483709155
2.4999031424406937
2.4998962879057274
2.499915957440848
2.4999088048826223
2.499900460231359
2.499898374068543
2.4999096989524006
2.4999177455804045
2.499903440463953
2.499899566161581
2.499894499766171
2.4999216198827767
2.4999088048826223
2.4998956918592086
2.49989002941728
2.500003576279113
2.499902546394175
2.499887049184686
2.499909400929141
2.49991506337107
2.49990493058025
2.4998956918592086
2.499913573254773
2.4999043345337313
2.4999168515106263
2.4998873472079453
2.4999046325569907
2.4999043345337313
2.4999031424406937
2.4998962879057274
2.4998936056963927
2.4999198317432203
2.499896883952246
2.4998962879057274
2.499904036510472
2.499918937673442
2.499895989882468
2.4999028444174343
2.4998992681383214
2.4999073147663253
2.4999061226732877
2.4998962879057274
2.499906420696547
2.499906420696547
2.4999037384872125
2.4999043345337313
2.4998950958126898
2.500002086162816
2.499886453138167
2.499916553487367
2.4998903274405393
2.4999013543011372
2.4999007582546184
2.499900460231359
2.499910891045438
2.499908506859363
2.499888539300983
2.499895393835949
2.499913871278032
2.4999046325569907
2.4998986720918026
2.4998897313940205
2.4999201297664797
2.499897479998765
2.4999061226732877
2.499898970115062
2.4999105930221788
2.499898970115062
2.49990999697566
2.4999591708134616
2.499917447557145
2.499896883952246
2.499916553487367
2.4998876452312047
2.4999171495338857
2.4998867511614264
2.500002980232594
2.499957382673905
2.4999126791849946
2.499889433370761
2.4999201297664797
2.4999517202319765
2.5000062584884475
2.4999493360459013
2.5000193715118613
2.4999126791849946
2.499996423720887
2.499931454650337
2.4999791383718417
2.5000023841860752
2.4999657273251685
2.500011026860598
2.5001043081407914
2.5000798702335203
2.5000792741870015
2.500038445000463
2.5001537800018525
2.500114440931611
2.5001412630249575
2.5001737475602326
2.50017493965327
2.5002303719795194
2.500244081049452
2.500207126165286
2.5002068281420264
2.500278055701024
2.500286996398806
2.500267028840426
2.5003284216318633
2.500284612212731
2.500355541748469
2.500391006516338
2.500360608143879
2.5003618002369166
2.500416040470128
2.5004383922145834
2.5004568696566665
2.5004497170984408
2.50048518186631
2.500426173260948
2.500511109889878
2.5005388260530026
2.500526011052848
2.5005713105882776
2.5005048514014305
2.500624060705192
2.500646710472907
2.500631213263418
2.5006175041934853
2.500583231518654
2.5006613136126177
2.5007218123342767
2.5007084012876035
2.5006669760545464
2.50066518791499
2.500666678031287
2.5007760525674883
2.500739097683322
2.5007465482648072
2.500730753032059
2.500786781404827
2.5008088351260227
2.5008198619866207
2.500815689660989
2.500860691173159
2.500829696754181
2.5008180738470642
2.500905692685329
2.5008860231502084
2.500917613615705
2.5009229780343745
2.5009340048949724
2.5009134412900735
2.500979304430402
2.500954270476612
2.500993311523594
2.500982284662996
2.5010293723379817
2.5009790064071424
2.501078844199043
2.5010854007107497
2.501071691640817
2.5011020900132763
2.5010564924545875
2.501064837105851
2.5011456014091493
2.501138150827664
2.5011584164093037
2.5011074544319456
2.5011280180368445
2.5011119247808367
2.5011619926884165
2.5012061001308084
2.50123024001482
2.501244843154531
2.5012359024567488
2.5012001396656203
2.50118523850265
2.5012740494339525
2.501293718969073
2.5012791158293624
2.501328289667164
2.5013074280390057
2.5013336540858333
2.501272857340915
2.501342296760356
2.501341700713837
2.501374781295631
2.501406371761128
2.5013566018768074
2.5013750793188905
2.5013530255976946
2.501335740248649
2.5014394523429218
2.5014114381565378
2.501418888738023
2.501414716412391
2.5014671685060463
2.501462400133896
2.50142037885432
2.5014996530413214
2.5015100838554005
2.5015455486232696
2.501488328157464
2.5015032293204342
2.5014996530413214
2.5015425683906756
2.501548826879123
2.5016325714150156
2.5016000868797406
2.5015875699028456
2.5016266109498275
2.50158041734462
2.5015696885072813
2.501572370716616
2.501592934321515
2.5016826393225955
2.501679361066742
2.50167548676437
2.501656413275768
2.5016960503692687
2.501644790368651
2.5016915800203776
2.5016626717642154
2.5016981365320845
2.5017392637418823
2.501776516649308
2.5017565490909277
2.5017875435099057
2.501781881067977
2.5017410518814387
2.5017756225795296
2.501736879555807
2.501726448741728
2.5018307568825193
2.5018617513014973
2.501868009789945
2.501816451766068
2.501799464440282
2.5018560888595687
2.5018391015337826
2.5017970802542067
2.5018280746731847
2.5019216539766376
2.501919865837081
2.5019305946744197
2.5019091369997426
2.5019231440929346
2.5019031765345545
2.5019273164185662
2.5018885733948437
2.5018897654878813
2.5019001963019605
2.501960993046879
2.5019651653725106
2.501995861768229
2.5019770863028867
2.501997351884526
2.5020205976987597
2.50196039700036
2.501967549558586
2.50201046490794
2.501947880023465
2.5020483138618843
2.5020468237455873
2.5020301344430607
2.5020441415362527
2.5020807983971594
2.5020551683968506
2.5020727517691554
2.5020286443267636
2.5020396711873616
2.502083480606494
2.5020286443267636
2.502113580955694
2.502174079677353
2.5021606686306797
2.502171099444759
2.5021407010722996
2.5021576883980856
2.502111494792878
2.502102554095096
2.5021737816540934
2.5021597745609014
2.502141893165337
2.5021296742117016
2.502209544445222
2.5021937492124735
2.5022071602591467
2.502233088282715
2.5022038820032932
2.5022378566548653
2.5022128227010754
2.5022208693290793
2.5022333863059742
2.502218485143004
2.502249479561982
2.5022038820032932
2.502318024911645
2.502287924562445
2.5022572281667266
2.5023064020045283
2.5023102763069005
2.5022658708412493
2.5022631886319147
2.502295971190449
2.502263486655174
2.502281964097257
2.502290010725261
2.5023147466557916
2.5023177268883856
2.502398491191684
2.5023737552611536
2.5023716690983377
2.5023558738655893
2.5023782256100446
2.502341568749138
2.5023871663078268
2.5023353102606904
2.5023499134004012
2.5023463371212884
2.5023686888657437
2.502361536307518
2.5023502114236607
2.50239044456368
2.502466142471569
2.502416074563989
2.502474487122832
2.502411604215098
2.5024428966573353
2.5024083259592445
2.5024667385180877
2.502411604215098
2.502478063401945
2.502407133866207
2.5024384263084443
2.502470016773941
2.5024726989832757
2.502453625494674
2.5024262073548087
2.502523064914115
2.502536475960788
2.502492964564915
2.502505183518551
2.5024989250301033
2.5025159123558893
2.502496540844028
2.5024893882858024
2.5025388601468634
2.5025287273560437
2.502493560611434
2.5025257471234497
2.5024813416577985
2.502534091774713
2.502534091774713
2.5025442245655327
2.502573132821695
2.502582669565996
2.5025606158448
2.5025752189845107
2.5026112797988986
2.50262051851994
2.5025868418916275
2.5025594237517623
2.5025853517753305
2.50256568224021
2.5026038292174135
2.502573132821695
2.5025808814264394
2.502564192123913
2.502577007124067
2.5025904181707403
2.50257551700777
2.502574026891473
2.502638697938764
2.502637505845726
2.502643168287655
2.502666712125148
2.5026857856137497
2.5026413801480984
2.5026717785205577
2.502640188055061
2.502647638636546
2.5026872757300467
2.5026834014276744
2.502668202241445
2.502653003055215
2.5026929381719754
2.5026708844507795
2.502687573753306
2.5026479366598053
2.5026339295666133
2.502691150032419
2.502717078055987
2.502771616312458
2.5027337673585137
2.5027602914286007
2.502773702475274
2.5027289989863633
2.5027507546842997
2.5027573111960066
2.5027528408471156
2.502777576777646
2.5027659538705294
2.502759695382082
2.5027447942191117
2.502731085149179
2.50271558793969
2.5027629736379353
2.502739727823702
2.5027778748009055
2.5027328732887355
2.502711713637318
2.5027212503816187
2.502762079568157
2.502829730848042
2.502821088173519
2.5027969482895074
2.5028067830570677
2.50281572375485
2.5028273466619666
2.502808571196624
2.5027999285221014
2.502799630498842
2.5028598311972416
2.5028392675923428
2.5027948621266916
2.502799630498842
2.5028139356152934
2.5027883056149847
2.502839565615602
2.5028464201505685
2.502818107940925
2.502828538755004
2.5028488043366437
2.502794564103432
2.5028029087546955
2.5028082731733647
2.5028052929407707
2.502911091197859
2.5028908256162197
2.502877116546287
2.502935231081871
2.50288575922081
2.5029033425931146
2.5028982761977048
2.502865195615911
2.502928674570164
2.502878606662584
2.502913773407194
2.502899766314002
2.502901256430299
2.5028899315464415
2.5028827789882158
2.5029185417793443
2.5028672817787267
2.502886057244069
2.5028735402671742
2.5028893354999227
2.5029230121282353
2.5028944018953325
2.50289559398837
2.5028964880581483
2.5028973821279266
2.5028672817787267
2.502936721198168
2.5030043724780526
2.502954602593732
2.502961159105439
2.502988279222045
2.5029549006169916
2.502998710036124
2.502973080035815
2.503003776431534
2.50294566189595
2.5029945377104923
2.5029984120128645
2.5029668215473677
2.502961755151958
2.502981126663819
2.502946257942469
2.5029999021291616
2.5029584768961044
2.503005266547831
2.5029578808495856
2.503006160617609
2.502944767826172
2.503000200152421
2.502991259454639
2.5029900673616012
2.5029605630589202
2.502949238175063
2.502971589919518
2.5029933456174547
2.5029394034075025
2.502976656314928
2.502954602593732
2.503001690268718
2.503022253873617
2.503050268060001
2.5030183795712446
2.5030407313157
2.503063679106674
2.50308066643246
2.5030243400364327
2.503052652246076
2.5030645731764523
2.5030618909671176
2.5030604008508206
2.5030145052688724
2.5030848387580917
2.5030720237579374
2.5030818585254977
2.5030860308511294
2.503081262478979
2.5030580166647454
2.503044605618072
2.503042221431997
2.503026128175989
2.503070235618381
2.5030624870136364
2.5030139092223536
2.503076792130088
2.5030499700367415
2.5030890110837234
2.5030544403856325
2.503082156548757
2.5030630830601552
2.5030690435253433
2.5030493739902226
2.5030660632927493
2.5030174855014664
2.5030329827109554
2.503065169222971
2.503087222944167
2.503160238642721
2.5031194094561826
2.5031429532936755
2.503124177828333
2.5031435493401943
2.5031644109683526
2.503151297944939
2.5031593445729428
2.5031480196890854
2.5031515959681983
2.5031465295727884
2.503139675037822
2.5031170252701074
2.503114641084032
2.5030925873628362
2.5031018260838778
2.503117323293367
2.5031259659678895
2.5031030181769154
2.5031423572471567
2.50310570038625
2.5030940774791333
2.503152788061236
2.5031620267822774
2.503152192014717
2.5031605366659804
2.5031495098053824
2.5031000379443213
2.503126263991149
2.5031515959681983
2.5031104687584005
2.50314563550301
2.5031590465496834
2.503099739921062
2.5031250718981113
2.5031504038751606
2.503154278177533
2.5030988458512837
2.5031098727118817
2.50310570038625
2.503144145386713
2.5031280521307053
2.503130138293521
2.5031423572471567
2.5031584505031645
2.503143251316935
2.5031954053873307
2.5032249096900117
2.503194809340812
2.503207326317707
2.503171265503319
2.5032371286436472
2.5031670931776873
2.503226697829568
2.503194213294293
2.5031715635265783
2.503186762712808
2.5032109025968197
2.503186166666289
2.5032269958528275
2.503233850387794
2.503167689224206
2.5032263998063087
2.503190338991921
2.503226697829568
2.5032100085270415
2.5032263998063087
2.503186762712808
2.5032219294574176
2.5032150749224513
2.50319570341059
2.5032219294574176
2.5032129887596355
2.503235340504091
2.5032320622482374
2.503198683643184
2.5032100085270415
2.5031709674800595
2.5031888488756238
2.5031939152710336
2.503206134224669
2.503230274108681
2.5031685832939843
2.503233850387794
2.50318080224762
2.5031784180615446
2.5032034520153346
2.503185272596511
2.5032144788759325
2.50319063701518
2.503189742945402
2.5032010678292593
2.5032109025968197
2.503178716084804
2.5032410029460195
2.503206134224669
2.503237724690166
2.503221333410899
2.503228187945865
2.50320583620141
2.503183782480214
2.5031748417824318
2.5032389167832036
2.5032055381781504
2.503206730271188
2.5031855706197703
2.5032868985279677
2.503302693760716
2.503246665387948
2.503292858993156
2.503267228992847
2.5032526258531362
2.5032800439930014
2.503257692248546
2.503283322248855
2.503264844806772
2.503306866086348
2.50325083771358
2.503311336435239
2.503252327829877
2.5032949451559716
2.503258288295065
2.503267228992847
2.5032433871320947
2.503269315155663
2.503294349109453
2.5033131245747953
2.503271699341738
2.503293753062934
2.5033095482956824
2.5032728914347757
2.503281832132558
2.503295243179231
2.5033161048073893
2.503276765737148
2.50326067248114
2.5032821301558172
2.5033074621328666
2.503309846318942
2.5032684210858847
2.50331580678413
2.5032821301558172
2.503275275620851
2.5032919649233776
2.503277659806926
2.503289282714043
2.503315210737611
2.50329583922575
2.503278851899964
2.5032976273653063
2.503307164109607
2.5032880906210053
2.5032994155048627
2.503278255853445
2.503292858993156
2.5032758716673698
2.503263354690475
2.503255308062471
2.503251135736839
2.5032430891088353
2.503284812365152
2.503279149923223
2.5032830242255955
2.5032556060857303
2.503296733295528
2.503302693760716
2.503282726202336
2.503245175271651
2.5033164028306487
2.5032889846907835
2.503264844806772
2.5032454732949105
2.503301203644419
2.5032719973649975
2.503313720621314
2.503298819458344
2.503266334923069
2.503246665387948
2.503269315155663
2.5032594803881025
2.503288686667524
2.5032556060857303
2.503312230505017
2.503251731783358
2.503313720621314
2.5032666329463282
2.5032439831786135
2.503255308062471
2.5033006075979003
2.503276765737148
2.503364682598672
2.5033944849246126
2.5033679608545256
2.503327727714506
2.5033566359706683
2.5033724312034167
2.503328323761025
2.5033706430638603
2.503319681086502
2.503323853412134
2.503365278645191
2.50338584225009
2.50334084073792
2.503361702366078
2.5033694509708226
2.5033319000401377
2.503348291319405
2.5033679608545256
2.503381669924458
2.503324151435393
2.503343820970514
2.503349185389183
2.5033825639942364
2.5033819679477176
2.5033420328309575
2.5033333901564347
2.5033569339939277
2.5033575300404465
2.5033819679477176
2.503394186901353
2.5033855442268305
2.5033384565518446
2.5033190850399833
2.5033625964358563
2.5033286217842843
2.5033545498078524
2.503349781435702
2.503363192482375
2.503372729226676
2.50334084073792
2.5033879284129057
2.503342330854217
2.5033214692260586
2.503350377482221
2.5033664707382286
2.5033745173662325
2.503352761668296
2.5033700470173414
2.5033304099238407
2.5033640865521534
2.5033339862029536
2.5033485893426644
2.5033929948083156
2.503327727714506
2.5033819679477176
2.5033760074825295
2.5033795837616424
2.5033339862029536
2.503373325273195
2.503388822482684
2.503323853412134
2.5033774975988266
2.5033754114360107
2.5033569339939277
2.503394782947872
2.5033369664355476
2.5033715371336385
2.503363192482375
2.5033369664355476
2.5033369664355476
2.503358722133484
2.5033894185292027
2.503321171202799
2.503324151435393
2.5033760074825295
2.5033485893426644
2.50334084073792
2.5033724312034167
2.5033620003893375
2.5033304099238407
2.503378689691864
2.5033670667847474
2.503329813877322
2.5033649806219316
2.503357232017187
2.5033205751562804
2.503368258877785
2.5033333901564347
2.5033915046920185
2.503354251784593
2.5033849481803117
2.5033766035290483
2.503337264458807
2.503379285738383
2.5033339862029536
2.5033891205059433
2.503336370389029
2.503326237598209
2.5033590201567435
2.503364682598672
2.5033730272499355
2.5033944849246126
2.5033685569010444
2.503366172714969
2.5033685569010444
2.5033840541105334
2.5033530596915554
2.503377795622086
2.5033286217842843
2.5033891205059433
2.5033935908548344
2.5033840541105334
2.5033769015523077
2.5033634905056346
2.5033819679477176
2.503344715040292
2.5033584241102247
2.5033938888780938
2.5033724312034167
2.503363788528894
2.503342330854217
2.503351867598518
2.5033929948083156
2.5033304099238407
2.5033745173662325
2.5033825639942364
2.503336370389029
2.5033935908548344
2.503357232017187
2.503353357714815
2.5033581260869653
2.5033929948083156
2.5033274296912467
2.503337860505326
2.5033831600407552
2.503389716552462
2.5033494834124426
2.5033459071333297
2.5033840541105334
2.5033929948083156
2.5033509735287396
2.5033515695752584
2.5033769015523077
2.5033909086454997
2.5033405427146604
2.503353357714815
2.5034311417855193
2.503464222367313
2.503401339459579
2.503422797134256
2.503416836669068
2.5034639243440537
2.503448725157824
2.503402829575876
2.5034019355060977
2.503415346552771
2.5034204129481807
2.503433227948335
2.5034606460882003
2.5034475330647865
2.503402829575876
2.5034031275991353
2.503413856436474
2.5034135584132144
2.5034326319018163
2.5034379963204856
2.5034445528321925
2.503444254808933
2.5034540895764934
2.5034695867859824
2.50340074341306
2.503399253296763
2.5034064058549887
2.5034070019015076
2.503415346552771
2.5034156445760303
2.5034245852738124
2.5034061078317293
2.5034466389950083
2.503431737832038
2.503407299924767
2.5034511093438994
2.503436804227448
2.503436804227448
2.5034379963204856
2.5034365062041886
2.5034254793435906
2.5034594539951627
2.503441870622858
2.5034156445760303
2.503448725157824
2.5034409765530796
2.503418326785365
2.5034126643434362
2.5034430627158955
2.5034150485295115
2.5034275655064064
2.503401339459579
2.5034010414363195
2.5034186248086243
2.5034704808557606
2.503468394692945
2.5034564737625686
2.503466308530129
2.5034520034136776
2.503440380506561
2.5034290556227035
2.5034371022507074
2.503441274576339
2.50339567701765
2.5034195188784025
2.5034576658556063
2.5034201149249213
2.503436208180929
2.5034490231810835
2.503429353645963
2.503432333878557
2.5034216050412184
2.503464222367313
2.5034025315526165
2.5034421686461172
2.5033995513200225
2.503399849343282
2.503450215274121
2.5034675006231666
2.5034156445760303
2.50345587771605
2.503443360739155
2.503438294343745
2.5034075979480264
2.5034224991109966
2.503426373413369
2.503408193994545
2.503416240622549
2.5034281615529252
2.50347077887902
2.503397763180466
2.5034335259715945
2.5034490231810835
2.503399849343282
2.5033986572502442
2.5034660105068696
2.5034296516692223
2.5034180287621055
2.5033965710874284
2.5034609441114597
2.5034394864367826
2.5034099821341016
2.503403723645654
2.5034490231810835
2.503436804227448
2.503421307017959
2.503458857948644
2.503451705390418
2.5034230951575154
2.5034055117852105
2.503457367832347
2.503439784460042
2.5034078959712858
2.50341087620388
2.5034329299250757
2.5034439567856737
2.5034645203905725
2.5034591559719033
2.5034266714366282
2.5034016374828383
2.5034579638788657
2.503426373413369
2.503423691204034
2.503458857948644
2.503427267483147
2.503411770273658
2.503395378994391
2.5034350160878915
2.5033986572502442
2.503462732251016
2.50343084376226
2.503418326785365
2.503450215274121
2.503413856436474
2.5034141544597333
2.5034365062041886
2.503430247715741
2.503441274576339
2.503460348064941
2.503399849343282
2.503469288762723
2.5034216050412184
2.5033995513200225
2.503447831088046
2.5034171346923273
2.503467202599907
2.503417730738846
2.503407299924767
2.503447831088046
2.5034034256223947
2.5034585599253845
2.503435314111151
2.5034010414363195
2.5034350160878915
2.503411174227139
2.503460348064941
2.503427267483147
2.503455281669531
2.5034245852738124
2.503416240622549
2.5034359101576698
2.5034224991109966
2.5034260753901094
2.5034481291113053
2.5034379963204856
2.5034424666693766
2.5034660105068696
2.5034296516692223
2.5034019355060977
2.5034365062041886
2.503406703878248
2.503442764692636
2.5034159425992897
2.50345081132064
2.503409386087583
2.5034555796927904
2.5034224991109966
2.503468692716204
2.503411174227139
2.5034591559719033
2.5034239892272936
2.5034621362044973
2.5034171346923273
2.5034564737625686
2.5034374002739668
2.5034540895764934
2.5034314398087787
2.503452897483456
2.5034269694598876
2.503454685623012
2.503432333878557
2.5034436587624143
2.5034266714366282
2.503451705390418
2.503419220855143
2.503448725157824
2.503419220855143
2.503452897483456
2.503418326785365
2.503425181320331
2.5034144524829927
2.503433823994854
2.503403723645654
2.5034409765530796
2.503463328297535
2.503424883297072
2.503402233529357
2.503409684110842
2.5034609441114597
2.5034046177154323
2.503444254808933
2.5034034256223947
2.503432333878557
2.503403723645654
2.5034114722503986
2.503461838181238
2.503423691204034
2.503453195506715
2.5033995513200225
2.5034484271345647
2.503464222367313
2.503446340971749
2.503454387599753
2.503408790041064
2.5034579638788657
2.5034129623666956
2.503425181320331
2.503395378994391
2.503415346552771
2.503463328297535
2.503399849343282
2.5034371022507074
2.503402829575876
2.5034224991109966
2.50345587771605
2.5034010414363195
2.503442764692636
2.5034660105068696
2.503425181320331
2.503441870622858
2.503401339459579
2.503432333878557
2.5034660105068696
2.5034105781806204
2.503429353645963
2.503409684110842
2.5034266714366282
2.5034484271345647
2.5034204129481807
2.5034159425992897
2.5034019355060977
2.503468692716204
2.5034525994601964
2.5034639243440537
2.503440380506561
2.5034374002739668
2.5033995513200225
2.5034299496924817
2.5033974651572066
2.5034624342277567
2.5034341220181133
2.5034600500416815
2.503410280157361
2.503437698297226
2.5034505132973806
2.503419220855143
2.503442764692636
2.5033989552735036
2.503416836669068
2.503431737832038
2.5034031275991353
2.5034224991109966
2.503423393180775
2.50340580980847
2.5033974651572066
2.5034621362044973
2.503448725157824
2.503418326785365
2.5034371022507074
2.5034019355060977
2.503397763180466
2.503447831088046
2.5034484271345647
2.503436804227448
2.5034126643434362
2.5034585599253845
2.5034010414363195
2.503419220855143
2.503462732251016
2.5034594539951627
2.5034400824833014
2.5034311417855193
2.5034141544597333
2.503404319692173
2.503448725157824
2.5034505132973806
2.5034171346923273
2.503406703878248
2.503467202599907
2.503458857948644
2.503425181320331
2.503447235041527
2.503468394692945
2.503423691204034
2.503412366320177
2.5034025315526165
2.5034561757393092
2.503436804227448
2.5034305457390005
2.5034010414363195
2.5034710769022794
2.50344574492523
2.5034335259715945
2.5034159425992897
2.5034064058549887
2.5034499172508617
2.5034454469019707
2.5034016374828383
2.503444850855452
2.5034245852738124
2.5034016374828383
2.5034675006231666
2.503454387599753
2.5034326319018163
2.503405213761951
2.5033986572502442
2.5034445528321925
2.5034469370182677
2.5034171346923273
2.5034564737625686
2.503452897483456
2.5034606460882003
2.50339567701765
2.5034180287621055
2.503427267483147
2.5034049157386917
2.503440380506561
2.50343084376226
2.503413856436474
2.5033995513200225
2.5034579638788657
2.503422797134256
2.503409386087583
2.503467798646426
2.50346571248361
2.5034055117852105
2.503424883297072
2.5034496192276023
2.5034010414363195
2.503454387599753
2.5034320358552975
2.503427267483147
2.5033986572502442
2.503399253296763
2.503402829575876
2.5034335259715945
2.5034505132973806
2.503398359226985
2.503407299924767
2.50343084376226
2.5034499172508617
2.5034624342277567
2.5033950809711314
2.5034254793435906
2.5034314398087787
2.5034481291113053
2.5034049157386917
2.503457367832347
2.5034314398087787
2.503436208180929
2.503458857948644
2.503467798646426
2.5034114722503986
2.503450215274121
2.5034299496924817
2.5034636263207943
2.50346571248361
2.503434718064632
2.50342071097144
2.503469288762723
2.503433227948335
2.503407299924767
2.503427267483147
2.5034186248086243
2.5034591559719033
2.5034525994601964
2.5034210089946995
2.5034010414363195
2.503452897483456
2.5034305457390005
2.5033980612037254
2.503467202599907
2.503417730738846
2.5034254793435906
2.50342071097144
2.5033980612037254
2.5034594539951627
2.5034150485295115
2.5034254793435906
2.5034394864367826
2.5034454469019707
2.503468394692945
2.5033965710874284
2.503414750506252
2.503451705390418
2.5034379963204856
2.503466904576648
2.503397763180466
2.503411174227139
2.503423393180775
2.5034141544597333
2.50347077887902
2.503441870622858
2.5034189228318837
2.5034675006231666
2.503436804227448
2.5034454469019707
2.5034454469019707
2.5034031275991353
2.5034469370182677
2.503451705390418
2.503412366320177
2.5034645203905725
2.5034281615529252
2.503412366320177
2.503467798646426
2.5034129623666956
2.503434718064632
2.5034201149249213
2.503401339459579
2.5034436587624143
2.5034174327155867
2.503467202599907
2.5034609441114597
2.5034275655064064
2.5034344200413727
2.5034171346923273
2.503449321204343
2.5034454469019707
2.503468692716204
2.5034564737625686
2.503429353645963
2.5034004453898007
2.5034594539951627
2.5034579638788657
2.503447235041527
2.5034049157386917
2.5034710769022794
2.503419816901662
2.50340580980847
2.503461838181238
2.5034204129481807
2.5034126643434362
2.5034266714366282
2.503463328297535
2.5034290556227035
2.503402233529357
2.5034651164370914
2.503413260389955
2.503425181320331
2.5034245852738124
2.5034484271345647
2.5034445528321925
2.5034034256223947
2.5034454469019707
2.503423691204034
2.503423393180775
2.5034210089946995
2.5034639243440537
2.5034266714366282
2.5034070019015076
2.5034484271345647
2.503436804227448
2.5034666065533884
2.503429353645963
2.503457367832347
2.503422201087737
2.503395378994391
2.5034540895764934
2.503416836669068
2.503395378994391
2.5034359101576698
2.503417730738846
2.5034371022507074
2.503461242134719
2.5034514073671588
2.5034040216689135
2.5034630302742755
2.5034314398087787
2.5034075979480264
2.5034421686461172
2.5034371022507074
2.5034400824833014
2.503408790041064
2.5034475330647865
2.5034210089946995
2.503464818413832
2.50344067852982
2.5034165386458085
2.5034505132973806
2.5034430627158955
2.503461838181238
2.503401339459579
2.503468394692945
2.5034150485295115
2.5034010414363195
2.5034424666693766
2.503430247715741
2.503439188413523
2.503454685623012
2.503453791553234
2.5034040216689135
2.503461838181238
2.5034204129481807
2.5034046177154323
2.503440380506561
2.503413856436474
2.5034499172508617
2.5034525994601964
2.503456771785828
2.503402829575876
2.503452301436937
2.50342071097144
2.5034055117852105
2.503430247715741
2.5034174327155867
2.503449321204343
2.5034600500416815
2.503453791553234
2.5034695867859824
2.50345587771605
2.503431737832038
2.5034704808557606
2.503428757599444
2.5034245852738124
2.5034314398087787
2.5034680966696854
2.5034335259715945
2.5033986572502442
2.5034576658556063
2.503417730738846
2.5034525994601964
2.5034415725995984
2.503409684110842
2.50343084376226
2.5034415725995984
2.503429353645963
2.5034606460882003
2.5034505132973806
2.5034034256223947
2.5034591559719033
2.5034016374828383
2.5034314398087787
2.5034049157386917
2.5034385923670044
2.503407299924767
2.5034564737625686
2.5034394864367826
2.503447831088046
2.503458857948644
2.5034040216689135
2.5034070019015076
2.5034615401579785
2.5034299496924817
2.5033959750409096
2.5034514073671588
2.5034156445760303
2.5034514073671588
2.5034445528321925
2.5034481291113053
2.50340580980847
2.5034439567856737
2.5034090880643234
2.5033980612037254
2.503412366320177
2.503411770273658
2.5034239892272936
2.503439188413523
2.5034090880643234
2.503469884809242
2.503429353645963
2.5034675006231666
2.5034484271345647
2.5034016374828383
2.5034010414363195
2.5034645203905725
2.503437698297226
2.5034680966696854
2.503451705390418
2.5034174327155867
2.5034525994601964
2.5034365062041886
2.5034525994601964
2.50346571248361
2.503438294343745
2.5034135584132144
2.503452897483456
2.503424287250553
2.5033950809711314
2.5034239892272936
2.5034239892272936
2.5034230951575154
2.5034514073671588
2.5034075979480264
2.5034689907394636
2.503436804227448
2.50339567701765
2.503454685623012
2.503396273064169
2.5034004453898007
2.5034689907394636
2.5034210089946995
2.50347077887902
2.5034511093438994
2.503395378994391
2.503436208180929
2.5034394864367826
2.503443360739155
2.5034505132973806
2.5034335259715945
2.5034651164370914
2.5033959750409096
2.5034701828325012
2.5034695867859824
2.5034129623666956
2.503408193994545
2.50342071097144
2.5034165386458085
2.5034099821341016
2.5034415725995984
2.503454685623012
2.5034296516692223
2.5034290556227035
2.50345587771605
2.503468394692945
2.503427267483147
2.503411770273658
2.5034675006231666
2.503399253296763
2.5034046177154323
2.503409386087583
2.503412366320177
2.503423691204034
2.5034329299250757
2.503418326785365
2.503438890390264
2.503432333878557
2.5034639243440537
2.5034305457390005
2.503453791553234
2.503458261902125
2.5033959750409096
2.503397167133947
2.503463328297535
2.503413260389955
2.503413260389955
2.5034144524829927
2.50341087620388
2.5034105781806204
2.503441870622858
2.503429353645963
2.5034284595761847
2.503430247715741
2.5034555796927904
2.5034496192276023
2.503434718064632
2.5034675006231666
2.5034615401579785
2.5034025315526165
2.503454387599753
2.503401339459579
2.503402829575876
2.5034150485295115
2.5034034256223947
2.5034001473665413
2.503435314111151
2.5034034256223947
2.503453195506715
2.5034090880643234
2.5034511093438994
2.503438294343745
2.503443360739155
2.5034561757393092
2.503442764692636
2.503406703878248
2.5034314398087787
2.5034064058549887
2.5034591559719033
2.503403723645654
2.5033989552735036
2.5034070019015076
2.503411174227139
2.503396869110688
2.503442764692636
2.5033959750409096
2.5034454469019707
2.5034105781806204
2.503433823994854
2.503461838181238
2.503399253296763
2.5034129623666956
2.5034141544597333
2.503401339459579
2.5034481291113053
2.50347077887902
2.5034511093438994
2.503466904576648
2.503429353645963
2.503431737832038
2.5034421686461172
2.503446340971749
2.503447831088046
2.503461242134719
2.5034254793435906
2.5034290556227035
2.503412366320177
2.503461838181238
2.5033980612037254
2.503458857948644
2.503424883297072
2.5034609441114597
2.5034290556227035
2.5034534935299746
2.5034621362044973
2.5034314398087787
2.5033989552735036
2.503452301436937
2.5034016374828383
2.503461242134719
2.5034165386458085
2.5034630302742755
2.5034001473665413
2.5034374002739668
2.503466904576648
2.5034284595761847
2.503416836669068
2.5034275655064064
2.5034129623666956
2.503416240622549
2.503443360739155
2.503433227948335
2.503454685623012
2.503426373413369
2.5034409765530796
2.503452897483456
2.503460348064941
2.503443360739155
2.5034460429484895
2.5034061078317293
2.503443360739155
2.5034016374828383
2.5034666065533884
2.503398359226985
2.5034070019015076
2.5034099821341016
2.5034031275991353
2.50346571248361
2.5034484271345647
2.5034016374828383
2.503413260389955
2.5034189228318837
2.5034374002739668
2.50344067852982
2.503402829575876
2.5034600500416815
2.5034171346923273
2.503454387599753
2.5034371022507074
2.503438890390264
2.503457367832347
2.5034415725995984
2.5033986572502442
2.5034311417855193
2.5034061078317293
2.5034540895764934
2.5034666065533884
2.503443360739155
2.503425181320331
2.5034001473665413
2.503455281669531
2.5034424666693766
2.503458261902125
2.503418326785365
2.503413260389955
2.503419220855143
2.503413856436474
2.503421307017959
2.50344067852982
2.5034099821341016
2.5034409765530796
2.5034281615529252
2.5034320358552975
2.5034394864367826
2.503453195506715
2.503436208180929
2.503436208180929
2.503401339459579
2.5034290556227035
2.5034609441114597
2.5034359101576698
2.5034144524829927
2.503441274576339
2.5034534935299746
2.503397167133947
2.5034660105068696
2.5034114722503986
2.503455281669531
2.5034135584132144
2.5034654144603508
2.503421307017959
2.503462732251016
2.5034165386458085
2.503423691204034
2.5034090880643234
2.503427267483147
2.503404319692173
2.5034305457390005
2.5034204129481807
2.50342577736685
2.503433823994854
2.5034290556227035
2.5034415725995984
2.503426373413369
2.5034466389950083
2.5034424666693766
2.5034451488787113
2.503437698297226
2.503444850855452
2.503467798646426
2.5034275655064064
2.5034070019015076
2.5034409765530796
2.5034639243440537
2.5034600500416815
2.503467798646426
2.50341087620388
2.503437698297226
2.503412366320177
2.5034630302742755
2.5034216050412184
2.503456771785828
2.5034180287621055
2.5034064058549887
2.503409386087583
2.503423691204034
2.5034505132973806
2.5034454469019707
2.503397167133947
2.5034394864367826
2.503396869110688
2.503430247715741
2.5034469370182677
2.503409684110842
2.503444254808933
2.5034186248086243
2.503444850855452
2.5034186248086243
2.503454685623012
2.5034275655064064
2.5034344200413727
2.5034624342277567
2.5034311417855193
2.5034534935299746
2.5034356121344103
2.5034019355060977
2.503429353645963
2.50347077887902
2.503469884809242
2.5034430627158955
2.503397763180466
2.5034514073671588
2.5034075979480264
2.503446340971749
2.5034120682969174
2.50347077887902
2.503468692716204
2.503414750506252
2.5034675006231666
2.503415346552771
2.503461242134719
2.503416836669068
2.5034049157386917
2.503411174227139
2.5034150485295115
2.5034075979480264
2.5034090880643234
2.503424287250553
2.5034171346923273
2.503413260389955
2.503422201087737
2.5034421686461172
2.503411770273658
2.503419220855143
2.5034275655064064
2.50345587771605
2.5034090880643234
2.5034290556227035
2.503447831088046
2.5034385923670044
2.5034514073671588
2.503424287250553
2.5034630302742755
2.50344574492523
2.503444254808933
2.5034490231810835
2.5034460429484895
2.503469884809242
2.5034314398087787
2.503397167133947
2.503442764692636
2.5034034256223947
2.5034555796927904
2.503453195506715
2.5033980612037254
2.503439784460042
2.503417730738846
2.5034460429484895
2.5034204129481807
2.5034585599253845
2.5034025315526165
2.50339567701765
2.5034666065533884
2.5034254793435906
2.503454685623012
2.5034320358552975
2.5034579638788657
2.503512800158596
2.5034701828325012
2.503418326785365
2.5034135584132144
2.50346571248361
2.5035181645772653
2.503468394692945
2.503514290274893
2.5033986572502442
2.503430247715741
2.5034210089946995
2.5034141544597333
2.5035169724842277
2.5034001473665413
2.5035184626005247
2.5034314398087787
2.5035139922516336
2.503408193994545
2.503517270507487
2.503530383530901
2.5034144524829927
2.5035321716704573
2.5035110120190396
2.503530383530901
2.503513396205115
2.503521740856378
2.5035351519030513
2.5034320358552975
2.5035464767869087
2.5035181645772653
2.5035306815541603
2.5035285953913444
2.503524721088972
2.5035440926008334
2.503513396205115
2.5034731630650953
2.5035139922516336
2.503479719576802
2.5035241250424534
2.5035324696937167
2.503478825507024
2.5035330657402355
2.5034910444606595
2.5035154823679306
2.503502369344517
2.5035354499263107
2.5034859780652496
2.503475249227911
2.50354588074039
2.503499389111923
2.5035360459728295
2.503494322716513
2.5035229329494157
2.5035154823679306
2.5034749512046517
2.503484189925693
2.503474355158133
2.5034984950421446
2.5035029653910357
2.5035449866706116
2.503507733763186
2.50350087922822
2.503493726669994
2.5034984950421446
2.503485382018731
2.5035026673677763
2.5035050515538515
2.503496706902588
2.50350087922822
2.503498197018885
2.503512800158596
2.5035080317864455
2.5035080317864455
2.5034835938791744
2.503531873647198
2.5035074357399267
2.5035020713212575
2.503506243646889
2.5035256151587504
2.503517866554006
2.5035095219027426
2.503520250740081
2.503509223879483
2.5035229329494157
2.5035181645772653
2.5035151843446712
2.503526211205269
2.5035366420193483
2.5035166744609683
2.5035205487633405
2.5035309795774197
2.5035220388796375
2.5035384301589048
2.5035285953913444
2.5035130981818554
2.503476739344208
2.503519356670303
2.503481209693099
2.503509819926002
2.5034764413209487
2.5034734610883547
2.503517866554006
2.5035375360891265
2.5035449866706116
2.503545284693871
2.5035279993448256
2.5034970049258476
2.503519356670303
2.5034955148095506
2.5035244230657128
2.5034984950421446
2.5035434965543146
2.5034779314372457
2.503486276088509
2.5035375360891265
2.5034901503908813
2.5035381321356454
2.5034984950421446
2.5035426024845364
2.503497302949107
2.50353574794957
2.5035020713212575
2.5034740571348735
2.503495216786291
2.5034815077163586
2.503489256321103
2.5034931306234753
2.503473759111614
2.5035041574840733
2.503481805739618
2.503496408879329
2.503495216786291
2.503497302949107
2.5034770373674675
2.503509223879483
2.503505349577111
2.5034955148095506
2.503493726669994
2.503501773297998
2.5035139922516336
2.503488362251325
2.503514886321412
2.5034946207397724
2.50351071399578
2.5035139922516336
2.5035035614375545
2.5035005812049604
2.503514290274893
2.5035044555073327
2.503508329809705
2.5034990910886634
2.503528893414604
2.5035110120190396
2.5035080317864455
2.5035101179492614
2.50351578039119
2.5035190586470435
2.5035139922516336
2.503513396205115
2.5035130981818554
2.503538728182164
2.503509819926002
2.5035211448098593
2.503521740856378
2.5035464767869087
2.503511310042299
2.5035271052750474
2.5035211448098593
2.503531873647198
2.50352591318201
2.503530383530901
2.503522336902897
2.503529787484382
2.503476739344208
2.503519356670303
2.5035431985310552
2.503539920275202
2.503538728182164
2.5035196546935623
2.503481209693099
2.503512204112077
2.5034925345769565
2.5035369400426077
2.5035366420193483
2.5035390262054236
2.503491342483919
2.503526807251788
2.503472268995317
2.5035420064380176
2.5034886602745843
2.503537834112386
2.503477335390727
2.503542900507796
2.503472268995317
2.503484189925693
2.503471374925539
2.5034886602745843
2.5035411123682394
2.5035026673677763
2.5035375360891265
2.5035160784144495
2.503506243646889
2.5035420064380176
2.503506243646889
2.5035461787636493
2.503503263414295
2.503500283181701
2.50352591318201
2.503505349577111
2.50341087620388
2.503534257833273
2.5034621362044973
2.5033959750409096
2.503376305505789
2.50338077585468
2.503264248760253
2.503254712015952
2.5031679872474655
2.5031980875966653
2.5031295422470023
2.5030905012000204
2.5030553344554107
2.503056228525189
2.502973676082334
2.5029474500355064
2.5029107931745997
2.502910197128081
2.5028038028244737
2.5027939680569133
2.5027769807311273
2.502773702475274
2.502648532706324
2.502669692357742
2.5026357177061698
2.502606511426748
2.5025978687522255
2.5025108459604795
2.502522468867596
2.5024461749131888
2.5024649503785312
2.5023484232841042
2.5023812058426387
2.5023567679353675
2.5023198130512014
2.502311468399938
2.502221465375598
2.5022152068871506
2.5021186473511037
2.5021383168862243
2.5021621587469767
2.502094507467092
2.50202536607091
2.501992881535635
2.501997947931045
2.501986027000669
2.501914501418412
2.501911521185818
2.501837909440745
2.501866519673648
2.5018528106037152
2.5017902257192404
2.501739859788401
2.501686811648227
2.501690983973859
2.501704991067051
2.5015905501354396
2.501594424437812
2.5015699865305407
2.501488328157464
2.5015249850183707
2.5014826657155353
2.501413226296094
2.5014600159478206
2.5013914705981577
2.501351237458138
2.50137537734215
2.5013056398994493
2.5013309718764987
2.5012660028059486
2.501250803619719
2.501219213154222
2.5011074544319456
2.501178681990943
2.5011545421069314
2.5011059643156486
2.5010719896640765
2.501040697221839
2.501008808733083
2.5009655953604693
2.500981688616477
2.5009509922207585
2.500900626289919
2.5009065867551072
2.5008609891964184
2.5008693338476817
2.5008663536150877
2.5007408858228786
2.5007823110559357
2.5007387996600627
2.500770688148819
2.5006905198920393
2.500664591868471
2.5006657839615087
2.5005879998908043
2.500589191983842
2.5006043911700715
2.5004974008199454
2.500566542216127
2.500539124076262
2.500444054656512
2.5004753470987495
2.500441074423918
2.500467598494005
2.500416636516647
2.500349581283281
2.500379085585962
2.500267028840426
2.5002989173291823
2.500322163143416
2.500220537211959
2.5002494454681212
2.500237524537745
2.500194013141872
2.5001347065132506
2.5001484155831832
2.500149011629702
2.500141561048217
2.500046491628467
2.500112056745536
2.5000682473264035
2.4999621510460557
2.4999642372088715
2.4999952316278495
2.4999648332553903
2.499946951859826
2.499906420696547
2.4999353289527093
2.499925494185149
2.4999061226732877
2.4999392032550816
2.4998950958126898
2.4999508261621983
2.4999222159292955
2.4999287724410024
2.499909400929141
2.499893009649874
2.4999547004645706
2.499940991394638
2.499932944766634
2.4999096989524006
2.499958574766943
2.4999377131387845
2.499943077557454
2.499901056277878
2.4999523162784953
2.499921023836258
2.499921917906036
2.499956488604127
2.499933540813153
2.4999007582546184
2.4999007582546184
2.499913871278032
2.499905526626769
2.4999451637202696
2.4999496340691607
2.4999511241854577
2.499953508371533
2.4999031424406937
2.499896883952246
2.4999213218595173
2.4999162554641075
2.499921917906036
2.4999362230224875
2.499952912325014
2.4999347329061905
2.499953508371533
2.4998867511614264
2.4998897313940205
2.4999013543011372
2.4998936056963927
2.4999111890686976
2.4998986720918026
2.4999192356967015
2.4999207258129985
2.4999198317432203
2.499933540813153
2.499938905231822
2.4999272823247054
2.499940991394638
2.499948441976123
2.4999511241854577
2.499940395348119
2.4998873472079453
2.499886453138167
2.499958574766943
2.499888539300983
2.4999028444174343
2.4998858570916482
2.4999436736039726
2.499921917906036
2.499887943254464
2.4999117851152164
2.4999067187198065
2.4999076127895847
2.499904036510472
2.4999096989524006
2.4999052286035095
2.499910891045438
2.4999341368596717
2.4999067187198065
2.4999287724410024
2.4999046325569907
2.499957084650646
2.4999132752315134
2.499925494185149
2.499946057790048
2.499930560580559
2.499927580347965
2.499928474417743
2.499940395348119
2.499935924999228
2.4999463558133073
2.4999231099990737
2.4998918175568363
2.4999323487201153
2.4999496340691607
2.4999436736039726
2.4999383091853034
2.4999552965110894
2.4999496340691607
2.4999481439528637
2.4999436736039726
2.4999463558133073
2.499957084650646
2.4998906254637987
2.4999368190690063
2.4999541044180518
2.499887049184686
2.499952912325014
2.499955892557608
2.4999508261621983
2.499952018255236
2.4998942017429115
2.4998912215103175
2.4999406933713786
2.499887943254464
2.4998992681383214
2.499959468836721
2.4998897313940205
2.4999603629064993
2.499911487091957
2.4999547004645706
2.4999612569762775
2.4999001622080996
2.4998962879057274
2.499896585928987
2.499947547906345
2.49990493058025
2.4998956918592086
2.4998986720918026
2.4998918175568363
2.4998882412777235
2.499912977208254
2.499887943254464
2.4999603629064993
2.499894499766171
2.5000011920930376
2.4999597668599804
2.499887943254464
2.499901056277878
2.4999016523243967
2.4999007582546184
2.4998986720918026
2.499896883952246
2.499896883952246
2.4999117851152164
2.4998891353475017
2.4998956918592086
2.4999016523243967
2.4999076127895847
2.499895393835949
2.4999105930221788
2.4998950958126898
2.4998918175568363
2.499907910812844
2.499903440463953
2.4998977780220244
2.499896585928987
2.499894499766171
2.4999231099990737
2.499901056277878
2.499899566161581
2.499905526626769
2.4999067187198065
2.4999141693012916
2.499961554999537
2.500006556511707
2.4998971819755056
2.499912083138476
2.4999052286035095
2.499912083138476
2.499903440463953
2.4998986720918026
2.4999153613943292
2.499892413603355
2.4999171495338857
2.4998956918592086
2.4999132752315134
2.499905526626769
2.499912381161735
2.4999141693012916
2.4998998641848402
2.499912977208254
2.4999043345337313
2.4999222159292955
2.4999597668599804
2.499912083138476
2.499907910812844
2.4999043345337313
2.499912977208254
2.499911487091957
2.499910891045438
2.4998971819755056
2.5000062584884475
2.4998992681383214
2.499908506859363
2.4999058246500283
2.500000596046519
2.4999007582546184
2.4999096989524006
2.5000023841860752
2.4998942017429115
2.500002980232594
2.499898970115062
2.499900460231359
2.499910891045438
2.499921023836258
2.49990999697566
2.4998921155800957
2.5000026822093346
2.4999192356967015
2.4998986720918026
2.499911487091957
2.4999201297664797
2.499908506859363
2.4999141693012916
2.4999001622080996
2.4999183416269233
2.500002086162816
2.499914467324551
2.499908506859363
2.4999207258129985
2.4999216198827767
2.4999058246500283
2.4999105930221788
2.499916553487367
2.49990999697566
2.4999168515106263
2.4999096989524006
2.4999132752315134
2.5000101327908197
2.499903440463953
2.4999088048826223
2.499912977208254
2.4999141693012916
2.499903440463953
2.4999177455804045
2.4999043345337313
2.4999207258129985
2.4999076127895847
2.4999111890686976
2.4999058246500283
2.499906420696547
2.5
2.4999061226732877
2.4999096989524006
2.4999198317432203
2.4999147653478104
2.499909400929141
2.5000023841860752
2.4999067187198065
2.4999076127895847
2.500003576279113
2.499914467324551
2.4999105930221788
2.4999082088361035
2.500000894069778
2.499918937673442
2.4999156594175886
2.499919533719961
2.499898970115062
2.4999216198827767
2.4999091029058818
2.4999052286035095
2.5000017881395564
2.4999091029058818
2.4999067187198065
2.49991506337107
2.4999201297664797
2.49990493058025
2.5000086426745227
2.4999031424406937
2.500005960465188
2.499898970115062
2.500011026860598
2.4999088048826223
2.499897479998765
2.5000163912792672
2.4999013543011372
2.5000032782558534
2.499911487091957
2.4999201297664797
2.499913871278032
2.500005960465188
2.499915957440848
2.499899566161581
2.500005960465188
2.499916553487367
2.4999091029058818
2.499921023836258
2.499916553487367
2.499914467324551
2.4999096989524006
2.4999213218595173
2.499910891045438
2.4999201297664797
2.499919533719961
2.499911487091957
2.4999043345337313
2.499922513952555
2.499919533719961
2.4999052286035095
2.499922513952555
2.4999117851152164
2.499916553487367
2.4999231099990737
2.4999102949989194
2.499915957440848
2.4999228119758143
2.5000041723256317
2.4999037384872125
2.5000011920930376
2.500007450581485
2.499907016743066
2.499913573254773
2.4999147653478104
2.5000053644186693
2.499912977208254
2.4999168515106263
2.4999192356967015
2.4999192356967015
2.5000068545349663
2.49990999697566
2.499913573254773
2.4999171495338857
2.500004470348891
2.499912381161735
2.499909400929141
2.5000032782558534
2.499913573254773
2.5000002980232594
2.4999105930221788
2.5000026822093346
2.4999105930221788
2.499920427789739
2.499913871278032
2.499909400929141
2.5000101327908197
2.499905526626769
2.5000026822093346
2.4998998641848402
2.500005960465188
2.4999153613943292
2.4999102949989194
2.4999168515106263
2.4999168515106263
2.500012516976895
2.4999046325569907
2.499922513952555
2.4999147653478104
2.5000041723256317
2.499909400929141
2.4999141693012916
2.5
2.4999132752315134
2.5000056624419287
2.499913573254773
2.4999177455804045
2.4999156594175886
2.4999153613943292
2.499906420696547
2.4999162554641075
2.4999216198827767
2.4999207258129985
2.4999171495338857
2.4999186396501827
2.4999186396501827
2.4999073147663253
2.4999192356967015
2.499916553487367
2.499912381161735
2.5000032782558534
2.4999052286035095
2.5000062584884475
2.4999052286035095
2.49991506337107
2.4999198317432203
2.499921917906036
2.499913871278032
2.4999076127895847
2.5000032782558534
2.500002086162816
2.499910891045438
2.4999132752315134
2.500001490116297
2.49990999697566
2.500002980232594
2.499912977208254
2.4999117851152164
2.5
2.5
2.4999028444174343
2.499913573254773
2.500003576279113
2.4999198317432203
2.4999111890686976
2.499914467324551
2.500003576279113
2.499913871278032
2.4999198317432203
2.499918937673442
2.500011026860598
2.4999213218595173
2.500006556511707
2.499892413603355
2.5000056624419287
2.49991506337107
2.4999213218595173
2.499904036510472
2.500003576279113
2.5000107288373385
2.4999001622080996
2.5000017881395564
2.4999117851152164
2.500012516976895
2.4999231099990737
2.5000017881395564
2.499908506859363
2.4999213218595173
2.500011026860598
2.4998986720918026
2.500000894069778
2.4999186396501827
2.500002980232594
2.4999105930221788
2.5000038743023723
2.4999198317432203
2.4999171495338857
2.5000116229071168
2.4999043345337313
2.4999207258129985
2.499918937673442
2.5000038743023723
2.499913871278032
2.4999162554641075
2.5000208616281583
2.499897479998765
2.5000128150001544
2.4999052286035095
2.500008046628004
2.4999105930221788
2.5000151991862296
2.4999076127895847
2.4999088048826223
2.5000181794188236
2.4999082088361035
2.5000017881395564
2.4999156594175886
2.500008940697782
2.4999082088361035
2.4999222159292955
2.4999213218595173
2.499918937673442
2.5000002980232594
2.4999192356967015
2.4999171495338857
2.4999096989524006
2.5000083446512633
2.4999096989524006
2.499912977208254
2.5000047683721505
2.5000017881395564
2.500000894069778
2.49990999697566
2.500000894069778
2.4999198317432203
2.499921023836258
2.500009536744301
2.4999043345337313
2.500002086162816
2.500000894069778
2.5000002980232594
2.4999073147663253
2.500003576279113
2.5000056624419287
2.4999037384872125
2.500009536744301
2.4999073147663253
2.5000017881395564
2.4999156594175886
2.4999156594175886
2.499918937673442
2.4999096989524006
2.5000137090699326
2.4999192356967015
2.499913871278032
2.4999228119758143
2.500012516976895
2.4999111890686976
2.499918937673442
2.4999216198827767
2.4999156594175886
2.500004470348891
2.4999153613943292
2.4999183416269233
2.4999198317432203
2.5000023841860752
2.4999171495338857
2.4999052286035095
2.5000041723256317
2.499915957440848
2.499906420696547
2.4999105930221788
2.500008046628004
2.4999177455804045
2.5000062584884475
2.499920427789739
2.4999132752315134
2.500012516976895
2.499911487091957
2.49991506337107
2.4999153613943292
2.5000178813955642
2.4999105930221788
2.499918043603664
2.5000068545349663
2.499913871278032
2.500003576279113
2.4999216198827767
2.499913871278032
2.499915957440848
2.5000002980232594
2.499920427789739
2.499919533719961
2.499919533719961
2.499921917906036
2.5000002980232594
2.499913573254773
2.5000056624419287
2.49991506337107
2.499923408022333
2.499913871278032
2.499912381161735
2.500002086162816
2.500004470348891
2.5000023841860752
2.4999031424406937
2.500011026860598
2.4999222159292955
2.499912977208254
2.5000062584884475
2.4999186396501827
2.4999213218595173
2.499921917906036
2.500000894069778
2.4999067187198065
2.5000032782558534
2.499921023836258
2.499910891045438
2.500004470348891
2.499915957440848
2.5000053644186693
2.5000053644186693
2.4999207258129985
2.499921023836258
2.499922513952555
2.5000023841860752
2.4999082088361035
2.500009536744301
2.5000038743023723
2.4999216198827767
2.4999162554641075
2.4999201297664797
2.5000092387210415
2.499916553487367
2.499922513952555
2.4999201297664797
2.5000053644186693
2.4999153613943292
2.500007450581485
2.5000002980232594
2.4999156594175886
2.5000128150001544
2.4999216198827767
2.500003576279113
2.49990493058025
2.500028014186384
2.4999076127895847
2.5
2.4999231099990737
2.499919533719961
2.5000062584884475
2.4999088048826223
2.5000086426745227
2.4999192356967015
2.5000017881395564
2.4999216198827767
2.500000894069778
2.4999231099990737
2.5000086426745227
2.5000056624419287
2.499912083138476
2.500013411046673
2.5000083446512633
2.500002980232594
2.499913871278032
2.4999147653478104
2.5000071525582257
2.500000894069778
2.500011026860598
2.4999156594175886
2.4999183416269233
2.5000181794188236
2.4999222159292955
2.4999213218595173
2.500003576279113
2.5000107288373385
2.4999088048826223
2.500004470348891
2.5000107288373385
2.4999082088361035
2.500008940697782
2.500010430814079
2.5000107288373385
2.5000023841860752
2.5000068545349663
2.5000181794188236
2.499906420696547
2.500016987325786
2.500004470348891
2.4999126791849946
2.4999198317432203
2.500019073488602
2.500002980232594
2.499919533719961
2.50002503395379
2.4999147653478104
2.5000086426745227
2.5000083446512633
2.5000098347675603
2.4999111890686976
2.500011026860598
2.50002503395379
2.499902546394175
2.500013411046673
2.5000011920930376
2.5000092387210415
2.5000062584884475
2.500011920930376
2.499914467324551
2.5000002980232594
2.500025928023568
2.4999141693012916
2.499921023836258
2.5000011920930376
2.500019073488602
2.4999168515106263
2.4999192356967015
2.5000157952327484
2.500008940697782
2.500003576279113
2.5000068545349663
2.499916553487367
2.5000151991862296
2.5000017881395564
2.499916553487367
2.5000017881395564
2.5000107288373385
2.5000223517444553
2.499897479998765
2.5000193715118613
2.4999228119758143
2.500022053721196
2.499921917906036
2.500011920930376
2.499921917906036
2.500011920930376
2.5000268220933464
2.499893009649874
2.5000211596514177
2.4999231099990737
2.500009536744301
2.4999147653478104
2.500006556511707
2.5000113248838574
2.4999183416269233
2.5000157952327484
2.499907910812844
2.50001490116297
2.5000101327908197
2.500009536744301
2.4999201297664797
2.5000113248838574
2.5000172853490454
2.499910891045438
2.500014603139711
2.499923408022333
2.5000187754653425
2.500005960465188
2.499923408022333
2.5000181794188236
2.5000056624419287
2.500011026860598
2.5000041723256317
2.5000113248838574
2.500001490116297
2.500014603139711
2.5000011920930376
2.500004470348891
2.500014603139711
2.500011026860598
2.5000056624419287
2.5000071525582257
2.500007450581485
2.5000098347675603
2.500012516976895
2.500002980232594
2.500004470348891
2.5000047683721505
2.50001996755838
2.499923408022333
2.5000041723256317
2.5000116229071168
2.500014007093192
2.500008046628004
2.500005960465188
2.5000062584884475
2.500012516976895
2.5000166893025266
2.5000068545349663
2.500014007093192
2.5000038743023723
2.500016987325786
2.4999117851152164
2.500014007093192
2.5000047683721505
2.500016093256008
2.5000143051164514
2.500002980232594
2.5000032782558534
2.50001996755838
2.5000053644186693
2.500001490116297
2.5000181794188236
2.4999207258129985
2.5000268220933464
2.4999096989524006
2.500020563604899
2.5000056624419287
2.500020563604899
2.50000506639541
2.4999231099990737
2.500003576279113
2.500016987325786
2.5000128150001544
2.4999141693012916
2.500022947790974
2.4999213218595173
2.5000172853490454
2.499915957440848
2.5000107288373385
2.5000068545349663
2.500014603139711
2.500001490116297
2.5
2.4999162554641075
2.5000321865120156
2.499922513952555
2.500003576279113
2.50001490116297
2.500016093256008
2.5000053644186693
2.5000023841860752
2.500024437907271
2.5000092387210415
2.500011026860598
2.5000071525582257
2.5000002980232594
2.5000166893025266
2.5000202655816395
2.500000894069778
2.5000101327908197
2.500013411046673
2.5000238418607523
2.499913573254773
2.50000506639541
2.50002503395379
2.500008940697782
2.5000062584884475
2.5000157952327484
2.499922513952555
2.5000336766283127
2.4999162554641075
2.500014007093192
2.500013411046673
2.5000128150001544
2.5000181794188236
2.4999222159292955
2.500005960465188
2.5000151991862296
2.5000107288373385
2.500012516976895
2.500015497209489
2.4999186396501827
2.5000256300003088
2.4999198317432203
2.50001996755838
2.500009536744301
2.5000092387210415
2.5000062584884475
2.5000092387210415
2.5000062584884475
2.5000292062794216
2.500001490116297
2.500016093256008
2.500007450581485
2.500016093256008
2.5000163912792672
2.5000047683721505
2.500018477442083
2.500002980232594
2.500013113023414
2.5000178813955642
2.50001996755838
2.5000077486047445
2.5000128150001544
2.500000894069778
2.5000208616281583
2.5000038743023723
2.500012516976895
2.5000208616281583
2.5000151991862296
2.5000023841860752
2.500016987325786
2.5000098347675603
2.500012516976895
2.5000053644186693
2.5000116229071168
2.500014007093192
2.5000208616281583
2.500002980232594
2.500013411046673
2.500013113023414
2.5000181794188236
2.5000077486047445
2.500002980232594
2.500017583372305
2.5000056624419287
2.5000137090699326
2.499921917906036
2.5000122189536356
2.5000163912792672
2.5000181794188236
2.5000098347675603
2.5000122189536356
2.500012516976895
2.500015497209489
2.5000113248838574
2.5000092387210415
2.500023543837493
2.5000092387210415
2.499923408022333
2.5000041723256317
2.500013113023414
2.50001996755838
2.500002980232594
2.500006556511707
2.5000166893025266
2.5000137090699326
2.500012516976895
2.5000038743023723
2.5000032782558534
2.50001996755838
2.5000056624419287
2.5000038743023723
2.5000122189536356
2.500010430814079
2.500021457674677
2.499920427789739
2.500008940697782
2.500013411046673
2.5000163912792672
2.4999216198827767
2.5000137090699326
2.5000116229071168
2.500011026860598
2.500008940697782
2.4999228119758143
2.500015497209489
2.5000151991862296
2.500003576279113
2.5000053644186693
2.500008046628004
2.500016093256008
2.500008940697782
2.5000062584884475
2.5000157952327484
2.5000056624419287
2.5000098347675603
2.500008940697782
2.500002980232594
2.500010430814079
2.500013113023414
2.499921917906036
2.500008940697782
2.5000077486047445
2.500011026860598
2.5000086426745227
2.5000047683721505
2.500006556511707
2.5000181794188236
2.5000041723256317
2.500014603139711
2.500002086162816
2.500017583372305
2.5000071525582257
2.5000101327908197
2.5000143051164514
2.499923408022333
2.50001490116297
2.500001490116297
2.50000506639541
2.5000086426745227
2.50000506639541
2.5000083446512633
2.5000098347675603
2.5000098347675603
2.5000113248838574
2.5000116229071168
2.5000056624419287
2.50001996755838
2.5000041723256317
2.5000181794188236
2.5000062584884475
2.5000071525582257
2.500016093256008
2.500005960465188
2.5000172853490454
2.5000083446512633
2.5000163912792672
2.5000011920930376
2.5000178813955642
2.5000086426745227
2.500008940697782
2.500017583372305
2.500014603139711
2.5000092387210415
2.4999201297664797
2.500012516976895
2.5000032782558534
2.50001996755838
2.5000047683721505
2.4999228119758143
2.500012516976895
2.5000151991862296
2.5000271201166058
2.4999213218595173
2.500013113023414
2.5000116229071168
2.500017583372305
2.499921023836258
2.5000062584884475
2.5000232458142335
2.5000083446512633
2.500005960465188
2.499920427789739
2.5000271201166058
2.5
2.5000047683721505
2.5000077486047445
2.5000253319770493
2.5000047683721505
2.5000011920930376
2.500011920930376
2.5000226497677147
2.5000107288373385
2.500002086162816
2.5000113248838574
2.5000086426745227
2.5000306963957186
2.499919533719961
2.5000113248838574
2.500009536744301
2.5000238418607523
2.499912381161735
2.5000196695351207
2.500004470348891
2.5000143051164514
2.500002980232594
2.5000172853490454
2.5000023841860752
2.5000056624419287
2.5000223517444553
2.4999141693012916
2.5000163912792672
2.500011920930376
2.5000151991862296
2.4999132752315134
2.5000208616281583
2.4999168515106263
2.5000086426745227
2.5000128150001544
2.500016987325786
2.4999231099990737
2.4999222159292955
2.50002503395379
2.499920427789739
2.500009536744301
2.5000023841860752
2.5000268220933464
2.4999186396501827
2.5000098347675603
2.5000062584884475
2.5000107288373385
2.5000041723256317
2.5000083446512633
2.500004470348891
2.5000077486047445
2.5000098347675603
2.499922513952555
2.5000101327908197
2.500009536744301
2.500008940697782
2.4999105930221788
2.5000113248838574
2.5000193715118613
2.5000032782558534
2.5000017881395564
2.5000092387210415
2.500007450581485
2.5000056624419287
2.500015497209489
2.499918043603664
2.500005960465188
2.5000116229071168
2.5000026822093346
2.500008046628004
2.4999111890686976
2.500015497209489
2.5000047683721505
2.50001490116297
2.499919533719961
2.500002086162816
2.500003576279113
2.5000193715118613
2.5000038743023723
2.4999141693012916
2.5000336766283127
2.499913573254773
2.5000163912792672
2.499907910812844
2.500017583372305
2.500016987325786
2.500003576279113
2.500005960465188
2.4999222159292955
2.500020563604899
2.499914467324551
2.500010430814079
2.499923408022333
2.500033974651572
2.499909400929141
2.500006556511707
2.500012516976895
2.499914467324551
2.500026524070087
2.5000023841860752
2.4999156594175886
2.5000178813955642
2.500017583372305
2.4999096989524006
2.500010430814079
2.500013113023414
2.5000116229071168
2.499909400929141
2.499919533719961
2.500026524070087
2.4999198317432203
2.5000151991862296
2.500000596046519
2.5000157952327484
2.4999213218595173
2.5000247359305305
2.499917447557145
2.4999192356967015
2.500033080581794
2.4999073147663253
2.5000193715118613
2.4999216198827767
2.500006556511707
2.499921917906036
2.5000196695351207
2.5000032782558534
2.499903440463953
2.5000193715118613
2.4999228119758143
2.5000157952327484
2.499913871278032
2.5000217556979365
2.4999192356967015
2.5000023841860752
2.500006556511707
2.5000032782558534
2.5000143051164514
2.499913573254773
2.5000238418607523
2.4999037384872125
2.500016093256008
2.5000047683721505
2.500000894069778
2.500020563604899
2.499911487091957
2.500023543837493
2.499917447557145
2.500009536744301
2.499921023836258
2.5000187754653425
2.4999132752315134
2.5000002980232594
2.5000187754653425
2.5
2.500007450581485
2.4999147653478104
2.5000193715118613
2.500000596046519
2.500006556511707
2.5000053644186693
2.499911487091957
2.5000178813955642
2.499914467324551
2.5000223517444553
2.499901056277878
2.500000596046519
2.500016093256008
2.5000011920930376
2.500007450581485
2.4999216198827767
2.5000163912792672
2.4999228119758143
2.5000098347675603
2.4998998641848402
2.5000232458142335
2.5000116229071168
2.4999147653478104
2.5000056624419287
2.5000017881395564
2.5000262260468276
2.4999073147663253
2.5000077486047445
2.500016987325786
2.499918937673442
2.500010430814079
2.4999111890686976
2.500010430814079
2.4999156594175886
2.500016093256008
2.499914467324551
2.5000017881395564
2.5000023841860752
2.5000113248838574
2.499920427789739
2.499908506859363
2.5000241398840117
2.499912083138476
2.4999183416269233
2.500003576279113
2.500012516976895
2.500010430814079
2.4998986720918026
2.5000116229071168
2.5000053644186693
2.5000107288373385
2.499912977208254
2.5000026822093346
2.5000053644186693
2.500000596046519
2.500007450581485
2.4999132752315134
2.500013113023414
2.499921917906036
2.5000151991862296
2.499921917906036
2.5000032782558534
2.4999213218595173
2.4999168515106263
2.500015497209489
2.4999102949989194
2.5000116229071168
2.4999177455804045
2.5000092387210415
2.499917447557145
2.499914467324551
2.500009536744301
2.4999228119758143
2.500003576279113
2.499912381161735
2.5000193715118613
2.4999162554641075
2.500011026860598
2.499921917906036
2.5000083446512633
2.5000011920930376
2.499922513952555
2.5000098347675603
2.500007450581485
2.4999177455804045
2.500016093256008
2.499918937673442
2.5000116229071168
2.4999198317432203
2.5000181794188236
2.4999076127895847
2.500022947790974
2.4999183416269233
2.4999183416269233
2.5000047683721505
2.5000053644186693
2.499919533719961
2.4999192356967015
2.5000181794188236
2.4999192356967015
2.5000056624419287
2.4999186396501827
2.5000101327908197
2.5000041723256317
2.499921917906036
2.5000026822093346
2.500003576279113
2.500001490116297
2.4999126791849946
2.5000002980232594
2.5000128150001544
2.4999153613943292
2.50000506639541
2.4999022483709155
2.50001996755838
2.500002086162816
2.500008046628004
2.4999058246500283
2.5000193715118613
2.500003576279113
2.5000062584884475
2.4999037384872125
2.5000083446512633
2.5000208616281583
2.499895989882468
2.500013113023414
2.4999162554641075
2.5000181794188236
2.499909400929141
2.499923408022333
2.5000038743023723
2.4999141693012916
2.5000208616281583
2.499896585928987
2.500014603139711
2.4999231099990737
2.5000083446512633
2.499895393835949
2.5000178813955642
2.500016093256008
2.499896883952246
2.50001490116297
2.49990493058025
2.5000208616281583
2.4999091029058818
2.500028014186384
2.4999022483709155
2.499921917906036
2.500011920930376
2.499912381161735
2.5000011920930376
2.499913871278032
2.5000098347675603
2.4999153613943292
2.5000026822093346
2.500003576279113
2.4999153613943292
2.5000253319770493
2.4999037384872125
2.500007450581485
2.4999102949989194
2.500017583372305
2.5000017881395564
2.4998977780220244
2.5000283122096434
2.499894499766171
2.499962449069315
2.4998888373242423
2.5000241398840117
2.499901950347656
2.5000181794188236
2.4999207258129985
2.499896585928987
2.4999627470925745
2.4998861551149076
2.500024437907271
2.499896883952246
2.4999621510460557
2.499903440463953
2.5000056624419287
2.5000011920930376
2.499901056277878
2.5000348687213503
2.499957382673905
2.5000271201166058
2.499909400929141
2.5000271201166058
2.4999028444174343
2.4999153613943292
2.500017583372305
2.499895989882468
2.5000241398840117
2.499898970115062
2.5000336766283127
2.4999591708134616
2.500005960465188
2.5000283122096434
2.499888539300983
2.500028610232903
2.4998858570916482
2.5000351667446097
2.4999582767436834
2.500027418139865
2.4998992681383214
2.5000101327908197
2.500013113023414
2.4998906254637987
2.500011920930376
2.499912977208254
2.4999672174414656
2.4999421834876756
2.50002503395379
2.499921917906036
2.499921917906036
2.499911487091957
2.4999156594175886
2.5000113248838574
2.499919533719961
2.500000894069778
2.4999207258129985
2.4999162554641075
2.5000208616281583
2.499914467324551
2.500000596046519
2.499913871278032
2.500005960465188
2.5000041723256317
2.4998947977894304
2.5000256300003088
2.4999013543011372
2.5000208616281583
2.499888539300983
2.5000327825585344
2.4999007582546184
2.500019073488602
2.4999222159292955
2.499903440463953
2.5000247359305305
2.4998947977894304
2.5000137090699326
2.499895393835949
2.500025928023568
2.4999037384872125
2.5000026822093346
2.500003576279113
2.499898076045284
2.5000333786050533
2.4998927116266145
2.5000151991862296
2.499901056277878
2.5000187754653425
2.500008940697782
2.499959468836721
2.499967515464725
2.49996006488324
2.4999773502322853
2.4999547004645706
2.500023543837493
2.499893903719652
2.500009536744301
2.5000116229071168
2.499961554999537
2.4999636411623527
2.4999517202319765
2.499977052209026
2.4999377131387845
2.4999648332553903
2.4998977780220244
2.5000116229071168
2.500005960465188
2.4998998641848402
2.499965429301909
2.499887049184686
2.5000312924422374
2.49996006488324
2.500019073488602
2.4999171495338857
2.4999096989524006
2.500021457674677
2.49989002941728
2.4999621510460557
2.499891519533577
2.500022947790974
2.4999037384872125
2.500002086162816
2.500013411046673
2.499894499766171
2.5000298023259404
2.4999591708134616
2.5000327825585344
2.499888539300983
2.500016987325786
2.500001490116297
2.4998986720918026
2.5000256300003088
2.4998906254637987
2.500024437907271
2.499898970115062
2.500020563604899
2.499913871278032
2.499908506859363
2.5000163912792672
2.499901950347656
2.500021457674677
2.499895989882468
2.5000071525582257
2.499920427789739
2.499917447557145
2.500014603139711
2.499955892557608
2.4999627470925745
2.4998950958126898
2.5000047683721505
2.4999105930221788
2.4999177455804045
2.5000262260468276
2.4999591708134616
2.500030398372459
2.4998858570916482
2.5000318884887562
2.499898374068543
2.4999171495338857
2.500002980232594
2.499898374068543
2.500030994418978
2.4999392032550816
2.4999687075577626
2.499893009649874
2.500019073488602
2.4999088048826223
2.4999043345337313
2.500032484535275
2.4999526143017547
2.49998003244162
2.4999317526735965
2.499966025348428
2.499898374068543
2.4999192356967015
2.5000047683721505
2.499898374068543
2.4999737739531724
2.499937415115525
2.4999737739531724
2.4999511241854577
2.5000372529074255
2.499895989882468
2.499922513952555
2.5000053644186693
2.4998891353475017
2.4999776482555447
2.499945461743529
2.500036060814388
2.4998882412777235
2.500033974651572
2.4998986720918026
2.4999216198827767
2.500012516976895
2.499890923487058
2.500028014186384
2.499955892557608
2.5000217556979365
2.4999073147663253
2.500014603139711
2.499911487091957
2.499906420696547
2.5000232458142335
2.4999013543011372
2.500013411046673
2.499899566161581
2.5000137090699326
2.499905526626769
2.5000083446512633
2.5000023841860752
2.499901056277878
2.500019073488602
2.499895989882468
2.5000247359305305
2.4998992681383214
2.500012516976895
2.499912083138476
2.4999096989524006
2.500022053721196
2.499901950347656
2.500019073488602
2.4998962879057274
2.5000071525582257
2.499904036510472
2.500006556511707
2.500000894069778
2.4998986720918026
2.500022053721196
2.499885559068389
2.4999648332553903
2.4999487399993825
2.5000226497677147
2.499912977208254
2.4999082088361035
2.5000208616281583
2.4998873472079453
2.4999627470925745
2.4999433755807132
2.4999633431390933
2.49989002941728
2.5000196695351207
2.4999147653478104
2.499909400929141
2.5000342726748315
2.499938905231822
2.4999782443020635
2.4999412894178974
2.4999773502322853
2.4999472498830855
2.5000217556979365
2.5
2.4999606609297587
2.4999648332553903
2.499932050696856
2.4999907612789585
2.4999317526735965
2.499964535232131
2.499951422208717
2.5000262260468276
2.500006556511707
2.4999552965110894
2.499966919418206
2.499941587441157
2.4999821186044358
2.4999287724410024
2.500031590465497
2.499897479998765
2.4999231099990737
2.5000172853490454
2.4999517202319765
2.499969005581022
2.499949038022642
2.4999761581392477
2.4999433755807132
2.500025928023568
2.499899566161581
2.5000047683721505
2.499912083138476
2.499893009649874
2.5000193715118613
2.499954402441311
2.5000208616281583
2.4999016523243967
2.49991506337107
2.499917447557145
2.5000032782558534
2.4999043345337313
2.499914467324551
2.499912083138476
2.4999156594175886
2.4999088048826223
2.4999147653478104
2.4999162554641075
2.49990999697566
2.499920427789739
2.4999102949989194
2.499919533719961
2.499922513952555
2.499921023836258
2.499901056277878
2.5000011920930376
2.499915957440848
2.499899566161581
2.499911487091957
2.4999043345337313
2.500011920930376
2.4999061226732877
2.4999132752315134
2.499898374068543
2.4999201297664797
2.5000056624419287
2.4999001622080996
2.4999162554641075
2.499912381161735
2.500000596046519
2.4998942017429115
2.499896585928987
2.5000163912792672
2.4998906254637987
2.4999228119758143
2.4998992681383214
2.499922513952555
2.4998992681383214
2.4999231099990737
2.4999126791849946
2.4999102949989194
2.5000041723256317
2.499898970115062
2.499912381161735
2.4999058246500283
2.499916553487367
2.499909400929141
2.4998956918592086
2.500001490116297
2.49989002941728
2.500015497209489
2.4999013543011372
2.499913871278032
2.4999111890686976
2.4999046325569907
2.5000002980232594
2.4998962879057274
2.499921023836258
2.499911487091957
2.499915957440848
2.4999043345337313
2.4999028444174343
2.499920427789739
2.4999001622080996
2.500002086162816
2.4999082088361035
2.499917447557145
2.4999117851152164
2.4999076127895847
2.499904036510472
2.4999088048826223
2.4999183416269233
2.499905526626769
2.4999153613943292
2.49990999697566
2.499922513952555
2.5000002980232594
2.499898374068543
2.4999162554641075
2.5000017881395564
2.4999117851152164
2.499903440463953
2.4999043345337313
2.5000002980232594
2.4999016523243967
2.5000023841860752
2.499907016743066
2.499919533719961
2.4999016523243967
2.500002980232594
2.49991506337107
2.4999007582546184
2.5000062584884475
2.4998942017429115
2.500006556511707
2.499896585928987
2.4999156594175886
2.4999153613943292
2.499915957440848
2.4999126791849946
2.4998992681383214
2.4999082088361035
2.4999022483709155
2.500009536744301
2.4999582767436834
2.5000107288373385
2.499905526626769
2.49990999697566
2.499905526626769
2.4999192356967015
2.49990999697566
2.4999111890686976
2.500000894069778
2.499958574766943
2.50001490116297
2.4999046325569907
2.4999052286035095
2.4998998641848402
2.500002086162816
2.499911487091957
2.499892413603355
2.499919533719961
2.4999111890686976
2.5000026822093346
2.499895989882468
2.4999037384872125
2.499910891045438
2.499906420696547
2.49991506337107
2.4998986720918026
2.4999213218595173
2.499915957440848
2.4999088048826223
2.499886453138167
2.4999183416269233
2.4999105930221788
2.4999028444174343
2.499913871278032
2.4998918175568363
2.4999186396501827
2.499907910812844
2.500005960465188
2.4999582767436834
2.500003576279113
2.4999046325569907
2.4999076127895847
2.4999028444174343
2.4999091029058818
2.499923408022333
2.4998933076731333
2.499921917906036
2.499959468836721
2.500014007093192
2.499896585928987
2.49990999697566
2.4998977780220244
2.5000053644186693
2.49989002941728
2.499902546394175
2.500002086162816
2.499888539300983
2.5000101327908197
2.4998927116266145
2.499918937673442
2.4998873472079453
2.500002980232594
2.499897479998765
2.499897479998765
2.4999022483709155
2.499921917906036
2.4998867511614264
2.499904036510472
2.4999168515106263
2.4999022483709155
2.4999171495338857
2.499959468836721
2.4999168515106263
2.499896585928987
2.499910891045438
2.499905526626769
2.499902546394175
2.4999031424406937
2.499907910812844
2.499890923487058
2.499918937673442
2.4999082088361035
2.4998942017429115
2.499917447557145
2.4999073147663253
2.49991506337107
2.499961554999537
2.499913871278032
2.499912083138476
2.499895989882468
2.4998992681383214
2.5
2.4998936056963927
2.499913871278032
2.4998971819755056
2.499900460231359
2.5
2.499896883952246
2.4999058246500283
2.4998927116266145
2.499916553487367
2.499906420696547
2.4999013543011372
2.499901950347656
2.4999126791849946
2.4998962879057274
2.4999067187198065
2.4998962879057274
2.499921917906036
2.499902546394175
2.4998933076731333
2.49990999697566
2.499912083138476
2.499911487091957
2.4998962879057274
2.4999096989524006
2.4999043345337313
2.499915957440848
2.499890923487058
2.4999102949989194
2.499891519533577
2.499921917906036
2.4999058246500283
2.4999126791849946
2.4998921155800957
2.5000056624419287
2.49989002941728
2.499912977208254
2.4998971819755056
2.4999207258129985
2.4998918175568363
2.500009536744301
2.4998876452312047
2.5000083446512633
2.499954402441311
2.500035464767869
2.499895989882468
2.500000894069778
2.4999216198827767
2.4999353289527093
2.4999105930221788
2.499918043603664
2.4998697638356404
2.4998372793003654
2.4998578429052642
2.4998563527889672
2.499867975696084
2.4997922777881953
2.4997687339507024
2.4997591972064015
2.499756514997067
2.4997180699966037
2.4997305869734987
2.4996837973217723
2.4997150897640097
2.4997326731363145
2.499598860692842
2.4996072053441054
2.49965488906561
2.4996045231347708
2.499530315343179
2.4995437263898523
2.4995145201104307
2.499518394412803
2.4995240568547317
2.4994921683659754
2.4994701146447795
2.499489486156641
2.4994370340629857
2.4994945525520507
2.4994212388302373
2.4993669985970257
2.4994090198766017
2.4993881582484434
2.499415278365049
2.4992781876657233
2.499337792317604
2.4993291496430814
2.4992865323169866
2.499316334642927
2.4992039798741317
2.499241232781557
2.499246895223486
2.4992239474325117
2.4992576240608244
2.4992164968510266
2.499146759408326
2.499133348361653
2.49917477359471
2.499128281966243
2.4991509317339577
2.4991101025474194
2.4991005658031185
2.4991095065009006
2.4990606306863583
2.4990999697565996
2.4990698694074
2.499016821267226
2.4990370868488654
2.4989876149878043
2.499029338244121
2.4989724158015747
2.498991191266917
2.4989318846382957
2.4989053605682088
2.498908340800803
2.4989029763821335
2.4989381431267432
2.4989044664984306
2.498861253125817
2.4988839028935317
2.4988779424283436
2.4988374112650646
2.498882710800494
2.4988728760329337
2.4988013504506768
2.498754262775691
2.4987590311478414
2.498750686496578
2.4988165496369064
2.4988144634740905
2.4987545607989503
2.498718201961303
2.49869465812381
2.4986794589375805
2.498696148240107
2.498699128472701
2.4987295268451604
2.4987280367288633
2.4986243246345907
2.4986279009137036
2.4986410139371173
2.498610615564658
2.498652636844234
2.4986204503322185
2.4986335633556322
2.4985724685874544
2.4985155461449082
2.4985584614942624
2.4985444544010704
2.498541772191736
2.4985373018428447
2.498553097075593
2.498442232423095
2.4984899161445995
2.498480081377039
2.498461603934956
2.498470246609479
2.4984514711441363
2.4984779952142233
2.498421072771677
2.4984258411438276
2.4983638523058715
2.4983644483523904
2.498393654631812
2.498430609515978
2.4984160063762673
2.4983859060270674
2.498332559863634
2.498322129049555
2.49829471090969
2.4983298776542995
2.4982842800956107
2.4983024595144343
2.498339116375341
2.498306631840066
2.4982327220717337
2.4982777235839038
2.4982309339321773
2.4982354042810684
2.4982777235839038
2.4982392785834406
2.498229145792621
2.498271167072197
2.4982324240484743
2.498137056605465
2.498198151373643
2.4981734154431123
2.498150169628879
2.4981352684659086
2.498186528466526
2.4981364605589462
2.4981954691643082
2.4981802699780786
2.49812453962857
2.4981087443958216
2.4980688092790615
2.4980881807909228
2.4980804321861783
2.4981108305586375
2.4980959293956673
2.4981147048610097
2.49809950567478
2.4979877469525036
2.497988939045541
2.498042583232234
2.4980244038134103
2.498007118464365
2.497987448929244
2.497994005440951
2.4980276820692637
2.498041093115937
2.497985064743169
2.497968971487161
2.497945427649668
2.4979272482308446
2.4979257581145475
2.4979123470678744
2.497949003928781
2.4979051945096487
2.497931420556476
2.497966587301086
2.497943937533371
2.4978718159045954
2.497861087067257
2.49784946416014
2.4978843328814904
2.4978283045087224
2.4978652593928885
2.497888505207122
2.4978768823000053
2.497860491020738
2.497860491020738
2.4978473779973243
2.497791051601297
2.4978107211364176
2.4977576729962436
2.4977833029965524
2.4977618453218753
2.4978217479970155
2.4978053567177483
2.497800588345598
2.4977886674152217
2.4977493283449803
2.4977552888101684
2.497798502182782
2.4977347252052695
2.497711479391036
2.4976998564839192
2.49768435927443
2.4977326390424537
2.4976751205533887
2.4976947900885094
2.497697472297844
2.4977347252052695
2.4977466461356457
2.497727870670303
2.497683465204652
2.497617900087583
2.4976500865995988
2.4975988265989812
2.497653364855452
2.4976041910176505
2.4976217743899554
2.4976426360181136
2.497618496134102
2.497633993343591
2.4976277348551434
2.49766439171605
2.497667967995163
2.4976477024135235
2.4975910779942367
2.4975776669475636
2.4975386259005816
2.497555017179849
2.4975791570638606
2.4975621697380745
2.497576474854526
2.4975806471801576
2.4975427982262133
2.4975466725285855
2.4975341555516906
2.497542500202954
2.4975541231100706
2.497583925436011
2.497501372993156
2.497468888457881
2.4975180622956827
2.4974685904346217
2.4974471327599446
2.497503459155972
2.497502863109453
2.497498988807081
2.497487365899964
2.497490346132558
2.4974447485738693
2.4974656102020276
2.4974897500860394
2.4975106117141976
2.497487365899964
2.4973717328753153
2.4974232908991922
2.4974015352012557
2.4973976608988835
2.497391402410436
2.4973896142708796
2.4974101778757785
2.497390508340658
2.497370838805537
2.497367858572943
2.4974080917129626
2.4974325296202338
2.497407495666444
2.497396468805846
2.497420012643339
2.4974206086898576
2.4973335858981116
2.4973362681074462
2.4973151084560286
2.4973437186889313
2.4973210689212166
2.4973130222932127
2.497305869734987
2.49732941357248
2.4973019954326148
2.4973365661307056
2.4973121282234345
2.497356831712345
2.49734431473545
2.49732941357248
2.4973225590375137
2.4972972270604643
2.497316896595585
2.49731928078166
2.4972632524088922
2.497276961478825
2.497216462757166
2.4972480532226626
2.4972885843859416
2.4972450729900686
2.4972832199672723
2.497260272176298
2.4972569939204448
2.4972832199672723
2.4972847100835693
2.497283816013791
2.4972787496183813
2.4972680207810427
2.4972876903161634
2.4972161647339064
2.4972310658968766
2.497268914850821
2.4972772595020842
2.4972352382225083
2.497210800315237
2.4971640106635107
2.4971425529888336
2.4971801039195185
2.4971735474078116
2.4971455332214276
2.4972146746176094
2.497212886478053
2.4971979853150827
2.497143745081871
2.49713927473298
2.4971419569423148
2.497161328454176
2.497196793222045
2.497207820082643
2.4971747395008492
2.497193812989451
2.4971595403146196
2.4972042438035302
2.497170269151958
2.4971461292679464
2.4971181150815625
2.497108876360521
2.497095763337107
2.497077285895024
2.4970939751975507
2.49707937205784
2.4970924850812537
2.497095763337107
2.497109770430299
2.497109770430299
2.4970701333367984
2.4970951672905883
2.4971145388024496
2.4970781799648023
2.4971011277557764
2.4970930811277725
2.49710440601163
2.4971041079883705
2.4970635768250915
2.4971365925236455
2.4971193071746
2.497086822639325
2.497090398918438
2.4970951672905883
2.4970054622895077
2.497010230661658
2.4970224496152937
2.497028410080482
2.49704927170864
2.4970540400807906
2.496999799847579
2.4970385428713016
2.497054934150569
2.4970251318246284
2.4970391389178204
2.497027814033963
2.4970620867087945
2.497030794266557
2.496997713684763
2.4969893690335
2.4970471855458243
2.4970334764758917
2.49701440298729
2.4970081444988423
2.497010230661658
2.497004866242989
2.4969965215917256
2.497002780080173
2.4970221515920343
2.497027217987444
2.4970415231038956
2.49705433810405
2.4969375129863636
2.4969649311262287
2.4969121810093142
2.4969425793817734
2.4969789382194207
2.496940791242217
2.4969115849627954
2.4969455596143675
2.4969196315907993
2.4969804283357178
2.496941387288736
2.496931254497916
2.4969136711256112
2.496985792754387
2.4969756599635673
2.4969559904284466
2.4969699975216386
2.4969464536841457
2.496973275777492
2.496963739033191
2.496968209382082
2.4969121810093142
2.4969410892654764
2.496925294032728
2.4969640370564505
2.4969199296140587
2.4969369169398448
2.4969714876379356
2.4969741698472703
2.496973871824011
2.4969759579868267
2.4968925114741936
2.496841251473576
2.4968901272881183
2.496868371590182
2.4968466158922453
2.496891319381156
2.4968689676367006
2.4968793984507798
2.496896385776566
2.4968540664737304
2.496894895660269
2.4968904253113777
2.4968940015904906
2.496895193683528
2.4969050284510885
2.496875822171667
2.49684423170617
2.496841251473576
2.4968540664737304
2.496858834845881
2.496891319381156
2.4969041343813103
2.4968439336829107
2.496896683799825
2.49688923321834
2.4968746300786293
2.496887743102043
2.496858238799362
2.496875226125148
2.4968624111249937
2.4968960877533064
2.4968510862411364
2.496839761357279
2.4968749281018887
2.4968639012412908
2.4968451257759483
2.4969020482184945
2.496867179497144
2.4968001242637783
2.4967885013566615
2.4967589970539805
2.496763169379612
2.4967598911237587
2.4967598911237587
2.496822177984974
2.4968171115895643
2.4967744942634695
2.4968209858919366
2.496785223100808
2.496771216007616
2.496779858682139
2.496822774031493
2.4968275424036435
2.4967625733330934
2.4967759843797666
2.496768235775022
2.4968156214732673
2.4967995282172595
2.4968069787987446
2.4967831369379923
2.496807872868523
2.496760189147018
2.4968025084498535
2.496758699030721
2.496827244380384
2.4967706199610973
2.49681919775238
2.4968025084498535
2.496781348798436
2.496813237287192
2.496789693449699
2.496787309263624
2.496761679263315
2.496758699030721
2.4968069787987446
2.496791779612515
2.4967929717055526
2.496788799379921
2.4967700239145785
2.4968329068223127
2.4967870112403645
2.49675929507724
2.49675929507724
2.496765851588947
2.4967050548440284
2.496709823216179
2.4967125054255135
2.496730684844337
2.496723234262852
2.496696710192765
2.4967560168213865
2.4966999884486185
2.496728300658262
2.4967539306585707
2.496698796355581
2.496706842983585
2.496756314844646
2.4967038627509908
2.4967265125187055
2.4966889615880206
2.49671429356507
2.4967455860073073
2.4967226382163332
2.4967449899607885
2.496708333099882
2.496687769494983
2.496726810541965
2.4966964121695057
2.496740817635157
2.4967160817046263
2.4966830011228325
2.4967220421698144
2.496728300658262
2.496752738565533
2.4967530365887924
2.4967369433327846
2.4967163797278857
2.496688663564761
2.4966838951926107
2.4967485662399014
2.496723830309371
2.4967470761236044
2.4967095251929194
2.496728300658262
2.4967148896115887
2.496724724379149
2.496700286471878
2.496701180541656
2.496735155193228
2.496691345774096
2.4967226382163332
2.4967285986815213
2.496743201821232
2.4967345591467094
2.496683299146092
2.496756314844646
2.4967023726346937
2.4967354532164876
2.4967300887978183
2.4967545267050895
2.4967539306585707
2.4967411156584163
2.496715783681367
2.4967494603096796
2.496645152168888
2.496642767982813
2.496622204377914
2.496625780657027
2.496677338680904
2.4966150518196883
2.496667205890084
2.496612667633613
2.4966388936804407
2.4966233964709517
2.4966475363549634
2.4966210122848764
2.4966359134478466
2.4966379996106625
2.496650218564298
2.4966314430989556
2.4966791268204602
2.4966418739130347
2.496622800424433
2.4966743584483098
2.496634721354809
2.496618628098801
2.4966120715870943
2.496648132401482
2.49662429054073
2.4966165419359854
2.4966669078668247
2.4966573711225237
2.4966293569361397
2.496619820191839
2.4966114755405755
2.496672272285494
2.4966630335644524
2.4966460462386664
2.496650814610817
2.4966359134478466
2.496631741122215
2.496622800424433
2.4966230984476923
2.496635317401328
2.4966806169367572
2.4966263767035457
2.496618330075542
2.4966189261220606
2.4966260786802863
2.4966180320522824
2.496628164843102
2.496628760889621
2.4966639276342306
2.4966388936804407
2.4966585632155613
2.4966806169367572
2.4966099854242785
2.4966105814707973
2.496625780657027
2.4966624375179336
2.4966430660060723
2.496622204377914
2.496614753796429
2.4966344233315496
2.496665715773787
2.4966090913545003
2.496632635191993
2.4966374035641437
2.496620118215098
2.4966114755405755
2.49664425809911
2.4966791268204602
2.4966284628663615
2.4966484304247416
2.496606707168425
2.496650218564298
2.496641277866516
2.4966439600758505
2.4966675039133435
2.496611773563835
2.4966526027503733
2.496628164843102
2.4966573711225237
2.4966654177505276
2.4966695900761593
2.4966061111219062
2.4966564770527455
2.4966263767035457
2.4966639276342306
2.4965459104235066
2.4965310092605364
2.4965885277496014
2.4965938921682707
2.496585249493748
2.4965643878655897
2.4966010447264964
2.4965769048424846
2.4965605135632174
2.496533095423352
2.49657928902856
2.4965739246098906
2.4965354796094275
2.496595680307827
2.4965783949587816
2.4965509768189165
2.496542632167653
2.4965813751913757
2.496598660540421
2.4965545530980293
2.4965405460048373
2.4965348835629086
2.4965894218193796
2.4965843554239697
2.4965649839121085
2.496565281935368
2.4965390558885403
2.4965459104235066
2.496531605307055
2.4965944882147895
2.496588229726342
2.4965873356565638
2.4965858455402667
2.4965533610049917
2.4965795870518193
2.4965599175166986
