-3.2083309238154243
-3.2083309238154243
-3.2084320252199188
-3.2084320252199188
-3.2085913484449
-3.2085913484449
-3.2084548418792984
-3.2084548418792984
-3.208414716030044
-1.5584484492807655
-3.2085468952981766
-3.2085468952981766
-3.208532339843055
-3.208532339843055
-3.2085551565024346
-3.2085551565024346
-1.5494543581875775
-1.5494543581875775
-1.5556376728795571
-1.555661669710974
-1.2995521425933925
-1.2995521425933925
-1.2607205486727087
-1.2607779837118376
-2.378823010851324
-3.208587807928789
-3.208587807928789
-3.098472249416843
-3.098472249416843
-3.2333163460085594
-3.23330847819498
-1.558020046831372
-1.558020046831372
-1.5765420601691043
-1.5765585825776207
-3.2085913484449
-3.2084548418792984
-3.2084548418792984
-2.803791159617374
-2.803791159617374
-2.590951066669885
-2.59094162529359
-3.1890193753850085
-3.1890193753850085
-1.5146007308125933
-1.5146211871278994
-1.5494543581875775
-3.2084430401589294
-3.2084430401589294
-1.2995521425933925
