-1.558020046831372
-1.558020046831372
-1.5765420601691043
-1.5765420601691043
-1.345880582683121
-1.345880582683121
-3.196910792405056
-3.196910792405056
-1.1537658842662502
-2.803791159617374
-2.590951066669885
-2.590951066669885
-3.1890193753850085
-3.1890193753850085
-1.5146007308125933
-3.2085390274845973
-3.2085390274845973
-3.2084430401589294
-3.2084430401589294
-3.208440679814856
-3.208440679814856
-3.2084532683165827
-3.2084532683165827
-3.2085917418355785
-2.378823010851324
-2.67631172992657
-3.208552402767682
-3.208552402767682
-3.2085390274845973
-3.2085390274845973
-3.2083309238154243
-3.2083309238154243
-3.2084320252199188
-3.2084320252199188
-3.2085913484449
-1.345880582683121
-3.196910792405056
-3.2084485476284352
-3.2084485476284352
-3.2085468952981766
-3.2085468952981766
-3.208532339843055
-3.208532339843055
-3.2085551565024346
-3.2085551565024346
-3.2085390274845973
-1.5494543581875775
-1.5556376728795571
-3.208440679814856
-3.208440679814856
