-3.270691214245034
-3.270691214245034
-3.2815598119234926
-3.2815598119234926
-3.242188092600589
-3.242188092600589
-3.252746698424023
-3.252746698424023
-3.2134784408496877
-3.2134784408496877
-3.232862766555712
-3.232862766555712
-3.1885661893228403
-3.1885661893228403
-3.203960746762797
-3.203960746762797
-1.519893802398074
-3.1699190777491975
-3.160813263703183
-3.160813263703183
-3.159410825932671
-3.159410825932671
-3.1817554164979107
-3.1817554164979107
-3.1791397618734694
-3.1791397618734694
-3.180408446813133
-3.180408446813133
-3.1605024850668
-3.1605024850668
-3.1622082270507947
-3.1622082270507947
-3.270691214245034
-3.270691214245034
-3.2815598119234926
-3.2815598119234926
-3.242188092600589
-3.242188092600589
-3.252746698424023
-3.252746698424023
-3.2134784408496877
-3.2134784408496877
-3.232862766555712
-1.5828374912045888
-3.1885661893228403
-3.1885661893228403
-3.203960746762797
-3.203960746762797
-3.1699190777491975
-3.1699190777491975
