2.4267789634202677
0.651571828314284
0.651571828314284
2.966785784576629
2.9618838980059503
2.869664176662466
2.869664176662466
2.20491524993363
2.20491524993363
1.864110453618819
1.864110453618819
1.5890707479799686
1.5890707479799686
0.8956346983474133
0.8956346983474133
-8.961559410280984E-4
-8.961559410280984E-4
3.991966127391592
3.991966127391592
3.4343917291631376
3.4343917291631376
4.155369896336781
4.155369896336781
3.9237584380815553
3.9237584380815553
2.387957559580512
2.387957559580512
1.0402168083449375
1.0402168083449375
2.995172500034869
2.995172500034869
2.4267789634202677
2.4267789634202677
0.651571828314284
0.651571828314284
2.966785784576629
2.966785784576629
2.869664176662466
2.8696451031738643
2.20491524993363
2.20491524993363
1.864110453618819
1.8592085670481404
1.5890707479799686
1.5890707479799686
0.8956346983474133
0.8956346983474133
-8.961559410280984E-4
-8.961559410280984E-4
3.991966127391592
