3.2869149192470215
3.1111336482922614
3.11326987901567
3.2499886453138167
3.2382965968008754
3.213901604879094
3.220081415186097
3.14195640587287
3.139896469103869
3.0813027121189487
3.0817604758453934
3.062229223517087
3.066349097055089
3.066349097055089
3.0661202151918667
3.0465889628635603
3.0531502429426007
3.033618990614294
3.034534518067183
3.0735970227237965
3.0758095474016125
3.036747042744999
3.034000460386331
2.975406703401411
2.9660988409637024
2.9465675886353955
2.9490852891308412
3.4178353450102024
3.4153176445147566
3.27859887821661
3.289203737879245
3.289203737879245
3.2869149192470215
3.1111336482922614
3.11326987901567
3.2499886453138167
3.2383156702894773
3.2187844179611704
3.220081415186097
3.1370735927907933
3.139896469103869
3.0813027121189487
3.0817414023567915
3.062229223517087
3.066349097055089
3.066349097055089
3.0661202151918667
3.0465889628635603
3.0531502429426007
3.033618990614294
