-2.6890410655165353
-2.6890410655165353
-2.6521744580372846
-2.6521744580372846
-2.654599711573107
-2.654599711573107
-2.6869301311332063
-2.6869301311332063
-2.6775123582787725
-2.6775123582787725
-2.7041445138540574
-2.7041445138540574
-2.749958792326378
-2.749958792326378
-2.7999221622897483
-2.7999221622897483
-2.8559232923938804
-2.8559232923938804
-2.940420463110236
-2.940420463110236
-2.9896175080309813
-2.9896175080309813
-3.0647791245448066
-3.0647791245448066
-3.14101391083085
-3.14101391083085
-3.2208309126395527
-3.2208309126395527
-1.6181785296308118
-1.6181785296308118
-1.538324942488965
-1.538324942488965
-2.6890410655165353
-2.6890410655165353
-2.6521744580372846
-2.6521744580372846
-2.654599711573107
-2.654599711573107
-2.6869301311332063
-2.6869301311332063
-2.6775123582787725
-2.6775123582787725
-2.7041445138540574
-2.7041445138540574
-2.749958792326378
-2.749958792326378
-2.7999221622897483
-2.7999221622897483
-2.8559232923938804
-2.8559232923938804
